frame_ms,scenario_ms,game_ms,render_ms,gpu_ms
1.6597,0.0006,0.6665,1.7540,0.3342
19.8757,0.0011,15.1179,1.3505,0.3401
1.9233,0.0004,3.9547,1.4363,0.3401
0.9525,0.0004,1.7104,1.4363,0.3401
0.8380,0.0005,0.9006,1.1254,0.4557
1.6199,0.0007,0.9151,1.5543,0.4381
1.3991,0.0007,1.1219,1.2893,0.4414
1.8741,0.0008,1.0963,2.0868,0.4414
1.9208,0.0007,0.9788,1.6345,0.4407
1.6833,0.0007,1.3276,1.8566,0.4324
1.2786,0.0006,1.4633,1.1123,0.4352
2.0159,0.0009,0.9625,2.2701,0.4440
1.6331,0.0005,1.3752,1.7286,0.4279
1.7735,0.0004,0.9931,1.8060,0.4279
1.7050,0.0003,0.7802,1.6878,0.3650
1.2782,0.0004,0.7424,1.3010,0.3484
1.2230,0.0004,0.7107,1.1206,0.3484
1.6050,0.0004,0.7835,1.6595,0.3456
1.5826,0.0005,0.8030,1.5203,0.3334
1.9421,0.0004,0.8626,1.5804,0.3433
1.5088,0.0005,1.0018,1.6645,0.3435
1.6413,0.0005,1.1695,1.5719,0.3488
1.8238,0.0006,1.0792,1.8104,0.3621
1.3022,0.0011,1.1718,1.4849,0.3684
1.6163,0.0008,1.0963,1.7077,0.3295
1.7040,0.0005,0.8103,1.3874,0.3558
2.0116,0.0004,0.9365,2.2186,0.3612
1.1360,0.0005,0.8181,1.2757,0.3612
1.6889,0.0005,0.7420,1.3388,0.3325
1.8258,0.0006,0.7298,2.0192,0.3522
1.5286,0.0005,0.8742,1.6663,0.3550
1.3730,0.0006,0.7029,1.1367,0.3368
1.8856,0.0007,0.8178,1.9362,0.3368
2.1267,0.0007,1.0677,2.2411,0.3593
1.2556,0.0006,1.0191,1.2342,0.3557
1.7124,0.0006,0.7867,1.7195,0.3535
1.1773,0.0008,0.7284,1.2145,0.3353
1.3968,0.0005,0.8215,1.1297,0.3395
1.3928,0.0004,0.9823,1.6365,0.3395
1.6002,0.0005,0.9530,1.4823,0.3630
1.4391,0.0008,1.0488,1.4747,0.3336
1.7525,0.0005,1.2021,1.8274,0.3563
1.2416,0.0005,0.6608,1.2185,0.3570
1.5284,0.0006,0.7921,1.4640,0.3488
1.9104,0.0006,0.9769,1.9377,0.3682
1.6391,0.0006,0.8240,1.2221,0.3514
1.3169,0.0004,0.9408,1.6940,0.3514
1.5040,0.0004,0.8813,1.4762,0.3533
1.8613,0.0005,0.7803,1.9228,0.3432
1.5028,0.0006,0.9303,1.4160,0.3432
1.5304,0.0006,1.1536,1.6027,0.3513
1.4843,0.0004,1.0483,1.3647,0.3513
1.4343,0.0005,0.7829,1.4018,0.3486
1.8286,0.0005,0.7320,1.9339,0.3368
1.8084,0.0005,0.8704,1.8103,0.3622
1.4129,0.0006,1.1386,1.4459,0.3500
1.4399,0.0182,0.7473,1.1269,0.3494
1.4139,0.0004,0.8518,1.5732,0.3494
1.6620,0.0005,0.7440,1.5092,0.3616
1.4030,0.0007,0.8590,1.6514,0.3492
1.4006,0.0005,1.0782,1.1354,0.3379
1.2900,0.0004,0.8974,1.6085,0.3379
1.8558,0.0005,0.7492,1.8122,0.3627
1.3476,0.0003,0.8041,1.3921,0.3597
1.8289,0.0006,0.6586,1.7524,0.3450
1.5951,0.0005,0.8736,1.2819,0.3450
1.2754,0.0006,1.2918,1.3990,0.3649
1.7283,0.0004,0.9698,1.8186,0.3466
1.4116,0.0008,0.7231,1.4859,0.3401
1.6345,0.0006,0.7447,1.5719,0.3545
1.8580,0.0007,0.9148,1.7929,0.3386
1.3634,0.0007,1.1652,1.4586,0.3386
1.7182,0.0008,0.8373,1.5771,0.3349
1.8823,0.0008,0.9060,1.8814,0.3400
1.8825,0.0008,1.0005,1.9920,0.3465
2.1855,0.0007,0.8760,2.0331,0.3647
1.3418,0.0008,1.1496,1.3138,0.3547
1.2944,0.0006,1.2126,1.4542,0.3518
1.0970,0.0007,0.7299,1.1153,0.3760
1.8652,0.0006,0.7530,1.5455,0.3760
1.3156,0.0009,1.2530,1.3153,0.3473
1.6866,0.0005,0.9372,1.9479,0.3541
1.6076,0.0005,0.9752,1.3729,0.3544
1.6220,0.0005,1.0448,1.7222,0.3427
2.1282,0.0006,0.8457,2.1265,0.3584
1.2612,0.0007,1.1263,1.2259,0.3584
1.7329,0.0008,1.2177,1.7828,0.3643
1.2428,0.0007,1.0280,1.1428,0.3643
1.4542,0.0006,0.9552,1.5544,0.3524
2.1567,0.0005,0.8486,2.2160,0.3564
1.6727,0.0005,0.7873,1.5890,0.3583
1.3651,0.0006,0.8769,1.4852,0.3435
1.7254,0.0004,0.6703,1.7021,0.3687
1.3191,0.0004,0.7757,1.3498,0.3687
1.7476,0.0004,0.6443,1.2285,0.3451
1.9646,0.0004,0.6886,2.4094,0.3441
1.3717,0.0004,0.8550,1.4103,0.3355
1.3485,0.0004,0.8251,1.1836,0.3824
1.6227,0.0006,0.9922,1.5553,0.3413
2.1611,0.0007,0.8932,2.3211,0.3538
1.6522,0.0005,0.8431,1.6833,0.3475
1.5002,0.0006,0.8762,1.4304,0.3475
1.8583,0.0006,0.9413,1.8316,0.3466
2.2267,0.0009,0.7943,2.2546,0.3474
1.1538,0.0007,0.8678,1.1138,0.3474
1.9435,0.0007,0.8342,1.9421,0.3462
1.4914,0.0005,0.8784,1.5279,0.3462
1.5323,0.0006,0.9375,1.5351,0.3475
1.3927,0.0004,0.7903,1.3788,0.3475
1.9886,0.0006,0.8144,1.8927,0.3420
1.4047,0.0006,0.8693,1.3030,0.3579
1.7077,0.0006,1.0251,1.7760,0.3486
1.4575,0.0006,0.9120,1.5705,0.3486
1.5114,0.0006,0.8462,1.2893,0.3474
1.7532,0.0006,0.9171,1.7815,0.3366
2.4268,0.0009,0.7459,2.1517,0.3402
1.6392,0.0007,1.3078,1.9605,0.3700
1.3727,0.0005,1.2381,0.9978,0.3700
1.2163,0.0006,1.1866,1.6636,0.3615
2.1440,0.0004,0.8990,2.0160,0.3363
2.0256,0.0008,1.0959,2.0010,0.3408
1.9603,0.0006,1.3115,2.0838,0.3554
1.6950,0.0005,1.2227,1.6885,0.3399
1.3259,0.0003,0.7908,1.3885,0.3399
1.5620,0.0005,0.6580,1.3514,0.3545
2.1790,0.0010,0.7364,2.1134,0.3762
2.2684,0.0007,1.1987,2.2829,0.3651
1.7575,0.0007,1.1940,1.8861,0.3651
1.9410,0.0008,0.8654,1.6504,0.3384
1.8642,0.0007,1.0259,2.0965,0.3372
1.3822,0.0004,1.1795,1.2647,0.3372
1.8940,0.0007,1.0370,1.7869,0.3398
1.9973,0.0005,0.9824,2.2742,0.3502
1.8084,0.0005,0.9440,1.8101,0.3581
1.6949,0.0006,0.9985,1.4121,0.3581
2.4096,0.0006,1.0883,2.3025,0.3386
1.7397,0.0007,1.1376,2.1047,0.3386
1.2296,0.0006,1.0233,1.1383,0.3583
2.0395,0.0006,0.9139,2.1241,0.3510
1.4615,0.0004,0.8062,1.4786,0.3510
1.6808,0.0007,0.7787,1.6799,0.3487
1.9121,0.0007,0.7700,1.8331,0.3477
1.7425,0.0005,0.8983,1.7349,0.3527
1.5235,0.0007,0.9138,1.4982,0.3527
2.0529,0.0011,0.9477,1.8690,0.3407
1.5549,0.0008,1.7465,1.6943,0.3583
1.5178,0.0007,1.1501,1.3517,0.3400
1.5207,0.0005,1.0508,1.5453,0.3436
1.6784,0.0007,0.7883,1.8892,0.3471
1.9696,0.0007,0.7557,1.9530,0.3623
1.3043,0.0005,1.0060,1.2839,0.3623
1.4866,0.0005,0.9161,1.2514,0.3537
1.8682,0.0004,0.6987,1.7917,0.3397
1.7089,0.0004,0.8754,2.0280,0.3397
2.2910,0.0008,0.7754,2.1979,0.3685
1.3168,0.0005,0.9486,1.2985,0.3409
1.5157,0.0006,0.8793,1.6030,0.3611
1.0207,0.0007,0.7335,1.0414,0.3611
1.8562,0.0007,0.6803,1.8211,0.3421
1.3584,0.0009,0.6939,1.2983,0.3568
1.9500,0.0005,0.7913,1.8752,0.3523
1.3987,0.0004,1.0262,1.5350,0.3523
2.1381,0.0007,0.7605,2.0096,0.3458
1.6107,0.0006,0.9067,1.5726,0.3458
2.0094,0.0007,0.8934,1.9450,0.3550
1.3270,0.0006,1.1682,1.4186,0.3550
1.8582,0.0006,1.1014,1.5109,0.3413
1.5515,0.0006,1.0212,1.8754,0.3363
2.3074,0.0008,1.1050,2.3630,0.3327
1.4907,0.0008,0.9690,1.3982,0.3453
1.8249,0.0004,0.9055,1.9125,0.3453
2.2076,0.0006,0.8331,2.1650,0.3400
1.6720,0.0008,1.0054,1.6865,0.3623
1.5342,0.0005,1.0077,1.1339,0.3623
2.0693,0.0005,1.2532,2.4712,0.3676
1.4232,0.0005,1.1103,1.3419,0.3529
1.7556,0.0006,0.8351,1.8097,0.3516
1.5568,0.0007,0.7716,1.4783,0.3515
1.3131,0.0005,0.8682,1.2947,0.3363
1.8910,0.0006,0.8429,1.9837,0.3524
1.2099,0.0006,0.7853,0.9884,0.3524
1.7420,0.0008,0.7827,1.8363,0.3628
1.3480,0.0005,0.8603,1.3023,0.3452
1.2502,0.0007,0.9487,1.4125,0.3452
2.0666,0.0007,1.2392,1.6487,0.3709
1.1717,0.0005,1.3371,1.3423,0.3833
1.6219,0.0005,0.8757,1.5171,0.3369
1.5256,0.0004,0.7676,1.6865,0.3439
1.7476,0.0006,0.7519,1.5760,0.3446
1.3801,0.0005,0.8045,1.5529,0.3324
1.8534,0.0006,0.7819,1.6608,0.3537
1.7101,0.0006,1.0358,2.0442,0.3530
1.9477,0.0006,0.9158,1.8960,0.3601
0.9414,0.0006,0.8438,0.9955,0.3601
1.3040,0.0006,0.8442,1.0083,0.3463
2.0853,0.0007,0.9772,2.3202,0.3795
1.4810,0.0005,0.8577,1.5029,0.3795
1.1558,0.0007,0.7921,0.9480,0.3423
1.9130,0.0005,0.9214,1.9921,0.3431
1.1769,0.0004,0.9372,0.9029,0.3431
1.8663,0.0006,0.8988,1.9556,0.3423
2.1002,0.0007,0.9354,2.3539,0.3409
1.2674,0.0005,0.9234,1.3040,0.3503
1.4322,0.0005,0.7868,1.4602,0.3403
1.7997,0.0005,0.6857,1.2893,0.3403
1.6840,0.0006,1.0541,1.8490,0.3543
2.2038,0.0006,1.0112,2.3559,0.3384
1.4838,0.0005,1.0163,1.6452,0.3594
1.6716,0.0006,0.8123,1.6163,0.3512
1.6318,0.0005,0.9327,1.5759,0.3529
1.5493,0.0003,0.8443,1.5896,0.3471
1.3091,0.0004,0.7378,1.2309,0.3471
2.0238,0.0004,0.7634,1.9888,0.3450
1.3631,0.0004,0.8095,1.4103,0.3488
1.9300,0.0005,0.7735,1.6787,0.3447
1.6908,0.0006,1.0965,1.9504,0.3611
1.7295,0.0004,0.9873,1.7452,0.3647
1.3234,0.0004,0.9720,1.3289,0.3647
1.5406,0.0004,0.7345,1.4721,0.3397
1.6442,0.0005,0.8242,1.5070,0.3430
1.6359,0.0005,0.8462,1.6182,0.5378
1.8231,0.0005,0.9519,1.6792,0.3373
1.6179,0.0003,0.8386,1.9896,0.3701
1.7019,0.0004,0.8454,1.6365,0.3534
1.5504,0.0006,0.7729,1.5201,0.3534
2.0229,0.0011,0.8336,1.7320,0.3564
1.7186,0.0008,1.1755,2.0045,0.3666
1.3736,0.0007,0.9118,1.3581,0.3666
1.5737,0.0004,0.8969,1.4169,0.3499
1.6038,0.0005,0.8340,1.6563,0.3366
1.9905,0.0005,0.8601,2.1325,0.3394
1.2357,0.0006,0.8971,1.0504,0.3394
1.4083,0.0006,0.9046,1.4519,0.3494
1.8062,0.0003,0.8143,1.8949,0.3563
1.2906,0.0005,0.7556,1.3334,0.3563
1.6150,0.0005,0.7512,1.5283,0.3456
1.5025,0.0005,1.0129,1.5222,0.3709
1.8857,0.0007,0.7998,1.8690,0.3440
1.9926,0.0005,0.7938,1.9299,0.3516
1.4866,0.0005,0.9854,1.5857,0.3516
1.5819,0.0004,0.8251,1.6083,0.3339
1.3912,0.0005,0.6424,1.3005,0.3509
1.6743,0.0005,0.6673,1.2626,0.3478
1.3885,0.0199,0.7003,1.8110,0.3391
1.5032,0.0006,0.7508,1.3581,0.3509
1.4916,0.0004,0.9503,1.6083,0.3384
1.6344,0.0006,1.1331,1.4189,0.3435
1.9097,0.0009,0.8861,2.0399,0.3493
1.3149,0.0005,1.0106,1.0893,0.3493
1.9713,0.0006,0.7744,1.8055,0.3411
1.4600,0.0005,0.8518,1.8641,0.3411
1.7102,0.0004,0.8973,1.5417,0.3352
1.2978,0.0004,0.9814,1.3832,0.3352
2.2432,0.0008,0.8427,2.2603,0.3557
1.1908,0.0008,1.0040,1.3246,0.3557
1.5841,0.0006,0.9323,1.5718,0.3481
1.4954,0.0006,0.7387,1.4310,0.3711
1.9272,0.0005,0.8296,1.9386,0.3439
1.4081,0.0004,0.7939,1.4443,0.3478
1.4286,0.0003,0.7246,1.4523,0.3699
1.5907,0.0004,0.6384,1.5693,0.3502
1.3376,0.0005,0.7062,1.3060,0.3502
1.9107,0.0005,0.9405,1.8119,0.3514
1.4295,0.0006,0.8523,1.4077,0.3472
1.6375,0.0005,1.0069,1.7268,0.3472
1.5847,0.0005,0.7565,1.5168,0.3390
1.6585,0.0006,0.8550,1.5833,0.3390
2.4260,0.0007,1.1144,2.3596,0.3782
1.2567,0.0007,1.1432,1.2933,0.3782
1.7180,0.0007,0.9304,1.8554,0.3459
1.6176,0.0006,0.7683,1.6220,0.3312
1.7041,0.0006,0.7574,1.5914,0.3388
1.6847,0.0006,0.9548,1.7434,0.3406
1.4507,0.0004,0.8799,1.5127,0.3406
1.6926,0.0006,0.7163,1.6452,0.3601
1.4360,0.0005,0.7114,1.4088,0.3601
1.9166,0.0007,0.8002,1.2753,0.3597
2.1009,0.0009,1.5145,2.5656,0.3722
1.3163,0.0006,1.2408,1.4022,0.3587
1.5116,0.0004,1.0942,1.4732,0.3402
1.4245,0.0003,0.8173,1.5350,0.3402
1.5587,0.0005,0.8071,1.3017,0.3622
1.7572,0.0004,0.6495,2.0211,0.3638
1.1724,0.0004,0.7149,1.1927,0.3638
1.7044,0.0004,0.7024,1.6585,0.3475
1.2091,0.0004,0.6648,1.2502,0.3525
1.1289,0.0004,0.6357,1.0999,0.3634
1.6067,0.0006,0.6627,1.4565,0.3634
1.8178,0.0007,0.8337,1.5623,0.3845
1.3798,0.0004,1.0561,1.7803,0.3845
1.3458,0.0005,0.7307,1.3477,0.3541
1.3189,0.0005,0.6575,1.1961,0.3495
1.3582,0.0004,0.6654,1.3669,0.3383
1.5649,0.0003,0.6499,1.3121,0.3306
1.9127,0.0004,0.6502,2.1915,0.3392
1.1784,0.0005,0.7193,1.2421,0.3321
1.7905,0.0004,0.6515,1.7667,0.3362
1.5224,0.0004,0.6667,1.5096,0.3472
1.7314,0.0007,0.7333,1.6829,0.3536
1.2923,0.0005,1.0902,1.1216,0.3872
1.3732,0.0005,0.9307,1.5814,0.3872
1.9530,0.0004,0.6310,1.9283,0.3509
1.5860,0.0004,0.6277,1.4559,0.3509
1.3548,0.0005,0.6548,1.3866,0.3501
1.2814,0.0005,0.7382,1.2308,0.3604
1.5950,0.0004,0.9420,1.6620,0.3426
1.9858,0.0004,0.5816,1.9331,0.3418
1.2582,0.0003,0.7134,1.0250,0.3418
1.9067,0.0004,0.6127,2.2261,0.3371
1.5443,0.0006,0.6560,1.4908,0.3339
1.8793,0.0003,0.7880,1.9079,0.3588
1.3615,0.0004,0.7518,1.3688,0.3677
1.5356,0.0004,0.6282,1.5268,0.3411
1.5043,0.0003,0.6265,1.4974,0.3411
1.5891,0.0004,0.6341,1.5368,0.3462
1.4857,0.0004,0.5993,1.4988,0.3371
1.3941,0.0004,0.7320,1.3881,0.3505
1.4706,0.0005,0.8987,1.2477,0.3407
1.7639,0.0005,0.8552,1.9449,0.3406
1.6402,0.0007,0.6748,1.6079,0.3406
1.8422,0.0005,0.7902,1.8296,0.3594
1.2654,0.0005,0.8704,1.3093,0.3594
1.4696,0.0003,0.7019,1.4879,0.3459
1.3608,0.0004,0.6232,1.1729,0.3459
1.3851,0.0004,0.6122,1.5501,0.3440
1.5187,0.0003,0.6143,1.5168,0.3601
1.7361,0.0004,0.6019,1.6596,0.3396
1.5868,0.0005,0.6998,1.5660,0.3358
1.4000,0.0004,0.7482,1.3494,0.3630
1.5537,0.0005,0.9542,1.6201,0.3630
1.7294,0.0004,0.6104,1.7205,0.3419
1.8026,0.0005,0.8980,1.2795,0.3943
0.7885,0.0004,1.6736,1.1390,0.3648
1.1674,0.0005,0.7137,1.3827,0.3648
1.3988,0.0004,0.6085,1.2022,0.3506
1.2242,0.0004,0.7484,1.3923,0.3506
1.3360,0.0004,0.6219,1.1342,0.3447
0.9847,0.0004,0.8154,1.2156,0.3447
1.2606,0.0005,0.8599,1.1874,0.3451
1.0967,0.0003,0.5781,1.0871,0.3451
1.1749,0.0007,0.6060,1.0862,0.3605
1.1450,0.0005,0.8489,1.0391,0.3583
1.1439,0.0003,0.8762,1.2198,0.3583
1.4183,0.0006,0.6192,1.2397,0.3588
1.7667,0.0005,0.6913,1.9300,0.3622
1.4993,0.0005,1.1959,1.1950,0.3610
1.1011,0.0007,1.1635,1.1994,0.3496
1.3298,0.0004,0.8211,1.3204,0.3414
1.2123,0.0004,0.8542,1.4432,0.3414
1.1055,0.0005,0.7076,1.1222,0.3618
1.2256,0.0004,0.6345,1.1982,0.3478
1.4830,0.0005,0.6432,1.3829,0.3488
1.1111,0.0004,0.8700,1.1568,0.3549
1.1763,0.0004,1.0195,1.1539,0.3543
1.2811,0.0004,0.7662,1.2621,0.3543
1.0808,0.0004,0.8374,0.9761,0.3504
1.2573,0.0004,0.7208,1.4921,0.3725
1.9409,0.0006,0.6775,1.6994,0.3630
1.2316,0.0007,0.8936,1.4336,0.3630
1.2188,0.0005,0.8262,0.9520,0.3603
1.2725,0.0004,0.8050,1.3725,0.3603
1.4852,0.0004,0.7157,1.6327,0.3390
1.7163,0.0007,0.6483,1.3038,0.3426
1.5535,0.0003,0.8805,1.9133,0.3426
1.6209,0.0004,0.8946,1.6321,0.3604
1.9545,0.0005,0.7377,1.8776,0.3401
1.2381,0.0004,0.7835,1.3831,0.3409
1.6118,0.0006,0.7019,1.6041,0.3409
1.4092,0.0005,0.7844,1.3800,0.3711
2.0653,0.0005,0.7200,1.9740,0.3729
1.1252,0.0004,0.7981,1.0784,0.3506
1.4134,0.0004,0.8485,1.5625,0.3686
1.5556,0.0004,0.7166,1.5395,0.3550
1.7832,0.0005,0.6526,1.7697,0.3751
1.5314,0.0005,0.8573,1.4057,0.3751
1.7132,0.0003,0.6879,1.8349,0.3433
1.4198,0.0003,0.6176,1.2263,0.3502
1.3360,0.0003,0.5737,1.5052,0.3512
1.6649,0.0009,0.5860,1.2606,0.3424
2.4312,0.0006,0.7109,2.7133,0.3556
1.1650,0.0005,0.8938,1.2951,0.3513
1.4455,0.0006,0.6801,1.1738,0.3436
1.3569,0.0005,0.8370,1.3829,0.3436
1.8962,0.0004,0.7981,1.9479,0.3461
1.1778,0.0004,0.9059,1.0114,0.3424
1.3897,0.0005,1.0904,1.7080,0.3400
1.3106,0.0004,0.6912,0.9390,0.3400
1.8495,0.0003,0.7581,2.2270,0.3375
1.3530,0.0004,0.7099,1.0634,0.3426
1.2638,0.0003,0.7016,1.5040,0.3426
1.8187,0.0003,0.8872,1.8223,0.3801
1.2113,0.0003,0.7755,1.2487,0.3801
1.5130,0.0004,0.6594,1.1519,0.3501
1.0748,0.0004,0.9211,1.4077,0.3501
1.2662,0.0005,0.8629,1.2660,0.3633
1.1706,0.0005,0.8047,1.1852,0.3282
1.6012,0.0005,0.6078,1.3166,0.3453
1.2438,0.0004,0.7927,1.4129,0.3570
1.4813,0.0004,0.7159,1.2131,0.3380
1.6092,0.0005,0.8690,1.9562,0.3598
1.1587,0.0006,0.7032,1.1356,0.3598
1.7516,0.0006,0.6230,1.6946,0.3412
1.8098,0.0006,0.8490,1.5085,0.3851
1.4887,0.0004,1.0131,1.6707,0.3851
1.9682,0.0006,0.9722,1.7605,0.3483
1.4494,0.0006,1.1326,1.5263,0.3469
1.4939,0.0004,1.2618,1.7644,0.3522
1.5818,0.0004,0.7135,1.6038,0.3522
1.6920,0.0003,0.5942,1.5591,0.3590
1.4539,0.0004,0.7958,1.5416,0.3397
1.6071,0.0004,0.6097,1.5405,0.3440
1.4074,0.0005,0.7499,1.1512,0.3380
1.8329,0.0006,0.7056,2.0914,0.3599
1.6014,0.0009,0.7399,1.5945,0.3514
1.9052,0.0007,0.7256,1.9070,0.3381
1.2324,0.0004,0.7579,1.2628,0.3504
1.4674,0.0005,0.6365,1.2722,0.3504
2.0408,0.0004,0.6243,2.2316,0.3394
1.2546,0.0004,0.6082,0.9296,0.3394
1.3455,0.0004,0.6400,1.5327,0.3328
1.9940,0.0004,0.6352,2.0300,0.3501
0.9330,0.0003,0.7309,0.8416,0.3501
1.8542,0.0006,0.6466,1.6251,0.3594
1.5678,0.0005,1.0754,1.8830,0.5244
1.3497,0.0005,1.2302,1.1922,0.3628
1.3660,0.0005,0.8583,1.2390,0.3423
1.3986,0.0003,0.7924,1.3776,0.3423
1.4244,0.0004,0.8201,1.7846,0.3541
1.4798,0.0005,0.6382,1.3776,0.3427
1.9392,0.0005,0.6073,2.0045,0.3434
1.2287,0.0004,0.6469,1.2106,0.3434
1.8629,0.0004,0.7014,1.8489,0.3363
1.3707,0.0006,0.8170,1.2795,0.3363
1.7822,0.0005,0.6796,1.8119,0.3515
1.4337,0.0005,0.8063,1.4860,0.3515
2.1954,0.0004,0.7788,2.1980,0.3544
1.0547,0.0003,0.7408,0.8079,0.3544
1.3345,0.0004,0.9409,1.4391,0.3469
1.7069,0.0004,0.7136,1.8406,0.3513
1.2907,0.0005,0.7163,1.1579,0.3561
1.1382,0.0003,0.7798,1.1516,0.3561
2.0127,0.0004,0.6944,2.1124,0.3468
1.2706,0.0004,0.5914,1.2920,0.3512
1.6381,0.0005,0.6500,1.5455,0.3437
1.5895,0.0006,0.8789,1.4247,0.3437
1.6556,0.0007,0.7886,1.6389,0.3493
1.5948,0.0006,0.8785,1.6431,0.3695
1.1176,0.0003,0.9135,1.1730,0.3487
1.0638,0.0004,1.1248,1.0716,0.3487
1.1504,0.0005,0.9805,1.1906,0.3438
1.3847,0.0004,0.7295,1.3010,0.3492
1.1523,0.0005,0.7880,1.0354,0.3492
1.6354,0.0005,0.6508,1.5138,0.3533
1.0612,0.0003,0.9054,1.2947,0.3533
1.3070,0.0004,0.7760,1.4205,0.3495
1.4439,0.0005,0.7203,1.3785,0.3486
1.4907,0.0005,0.8659,1.2402,0.3486
2.0750,0.0008,1.2912,2.0972,0.3634
1.6190,0.0004,1.2446,1.8622,0.3507
1.5221,0.0004,0.7141,1.5440,0.3510
1.1699,0.0004,0.7134,1.1043,0.3510
1.4699,0.0004,0.8318,1.5225,0.3485
1.1198,0.0004,0.8516,0.8433,0.3552
1.1324,0.0004,0.9774,1.3288,0.3552
1.2359,0.0005,0.7368,1.2528,0.3587
1.2626,0.0004,0.8197,1.2613,0.3357
1.2752,0.0005,0.6809,1.2672,0.3384
1.5539,0.0005,0.9387,1.5966,0.3494
1.8312,0.0006,0.7371,1.7632,0.3596
1.3911,0.0006,0.7901,1.4041,0.3678
1.1447,0.0005,0.7945,1.1869,0.3678
1.1945,0.0004,0.6831,1.0687,0.3740
1.9278,0.0004,0.6316,2.0145,0.3541
0.9224,0.0003,0.7246,0.7719,0.3541
1.3350,0.0004,0.8372,1.3661,0.3402
1.2429,0.0004,0.7224,1.3975,0.3402
1.2997,0.0004,0.5796,1.1886,0.3495
1.0314,0.0004,0.6422,1.0195,0.3495
1.6994,0.0004,0.6392,1.4210,0.3468
1.7343,0.0003,0.9919,2.1183,0.3410
1.4751,0.0004,0.5903,1.4205,0.3693
1.5377,0.0006,0.7103,1.3213,0.3693
1.6472,0.0004,0.7660,1.5663,0.3520
1.2517,0.0005,0.8006,1.5287,0.3507
1.6088,0.0005,0.8947,1.3519,0.3486
1.3126,0.0005,0.9292,1.5931,0.3507
1.9107,0.0006,0.7836,1.8928,0.3424
1.0832,0.0004,0.6468,0.9959,0.3501
1.1936,0.0004,0.8041,1.1579,0.3501
1.3371,0.0005,0.9016,1.3129,0.3361
1.3286,0.0005,0.7878,1.3018,0.3361
1.2672,0.0005,0.6742,1.3241,0.3463
1.9804,0.0008,0.7627,1.9413,0.3678
1.2938,0.0010,1.0028,1.2719,0.3611
1.4423,0.0007,0.9427,1.5623,0.3569
1.2219,0.0005,1.0434,0.9358,0.3569
1.0703,0.0005,0.8391,1.3706,0.3435
1.1828,0.0005,0.7992,1.1826,0.3432
1.3649,0.0004,0.6406,1.2930,0.3534
1.1547,0.0005,0.7118,1.1960,0.3422
1.3205,0.0006,1.1389,1.3312,0.3444
1.4822,0.0004,0.9483,1.3744,0.3608
1.3535,0.0004,0.6347,1.4448,0.3594
1.0529,0.0004,0.6728,1.0450,0.3554
2.2917,0.0005,0.6855,2.2203,0.3550
1.5627,0.0006,0.8767,1.5978,0.5244
1.2161,0.0003,0.8073,1.2530,0.3729
1.0077,0.0005,0.7486,0.8534,0.3729
1.6432,0.0004,0.7590,1.6486,0.3532
1.3386,0.0005,0.8086,1.1466,0.3386
0.9588,0.0003,0.8579,1.2987,0.3386
1.4826,0.0004,0.5943,1.1337,0.3509
1.2594,0.0004,1.1915,1.3998,0.3509
1.4145,0.0003,0.8593,1.5142,0.3474
1.5095,0.0005,0.7166,1.3475,0.3333
1.2498,0.0006,0.7220,1.1981,0.3513
1.6238,0.0005,0.7425,1.5013,0.3513
1.9596,0.0006,1.0947,2.2448,0.3748
1.1720,0.0004,0.9652,1.2237,0.3748
1.5464,0.0007,0.7871,1.5142,0.3454
1.3670,0.0004,0.9142,1.2137,0.3662
1.3623,0.0005,0.8166,1.5347,0.3682
1.6661,0.0004,0.6493,1.3847,0.3676
1.1806,0.0004,0.8857,1.3583,0.3676
1.6700,0.0005,0.8897,1.7714,0.3489
1.3289,0.0005,0.7574,1.3664,0.3400
1.3942,0.0005,0.7061,1.0786,0.3400
1.4328,0.0005,0.7138,1.7056,0.3438
1.7942,0.0007,0.7831,1.6148,0.3604
1.4377,0.0006,0.8015,1.6021,0.3531
1.8998,0.0004,0.7436,1.8251,0.3565
1.7308,0.0005,0.6369,1.5436,0.3430
1.2560,0.0004,0.8896,1.5383,0.3430
1.6674,0.0005,0.7549,1.6117,0.3654
1.7474,0.0006,0.8666,1.7665,0.3450
1.1739,0.0005,0.7987,1.1847,0.3450
1.6483,0.0005,0.6496,1.1821,0.3528
2.0153,0.0004,0.6803,2.4417,0.3445
1.6409,0.0006,0.7165,1.2561,0.3445
1.4054,0.0005,1.3374,1.6275,0.3574
1.3882,0.0005,1.1709,1.2037,0.3386
1.1680,0.0005,0.8958,1.4204,0.3386
1.7207,0.0004,0.7796,1.6675,0.3555
1.7413,0.0005,0.9780,1.8646,0.3357
1.3856,0.0004,0.7642,1.0213,0.3515
1.2126,0.0003,0.9057,1.4060,0.3515
1.3461,0.0005,0.5995,1.4691,0.3533
1.1500,0.0003,0.7365,1.2269,0.3498
1.7151,0.0004,0.7769,1.1512,0.3327
1.4825,0.0005,0.7272,2.0069,0.3327
1.4691,0.0004,0.6464,1.1989,0.3498
1.7893,0.0005,0.7416,2.0570,0.3457
1.3242,0.0005,0.6929,1.3203,0.3651
1.2381,0.0003,0.6574,1.1796,0.3651
1.4560,0.0005,0.6993,1.3677,0.3527
1.8347,0.0005,0.8882,1.9251,0.3422
1.6811,0.0006,0.7062,1.6983,0.3422
1.2487,0.0007,0.7474,0.9912,0.3530
1.5258,0.0007,0.8109,1.5548,0.3356
1.4776,0.0007,0.8165,1.6503,0.3377
1.2574,0.0006,0.7533,1.2977,0.3604
1.1568,0.0007,0.8343,1.0745,0.3431
1.6373,0.0005,0.8231,1.4472,0.3483
2.0228,0.0005,0.7927,2.0159,0.3382
1.4414,0.0005,0.8570,1.6942,0.3382
1.4565,0.0005,0.7818,1.4463,0.3584
1.6216,0.0004,0.6735,1.6011,0.3362
1.1599,0.0005,0.6585,1.0880,0.3362
1.5489,0.0005,0.6935,1.3580,0.3508
1.2949,0.0006,1.1057,1.5018,0.3508
1.6332,0.0004,0.7025,1.3767,0.3381
1.6214,0.0005,0.8430,1.9003,0.3618
1.5832,0.0006,0.6929,1.2098,0.3618
1.6274,0.0006,0.8525,1.7982,0.3517
1.7289,0.0005,0.9146,1.9236,0.3517
1.4284,0.0005,0.8754,1.4336,0.3464
1.3183,0.0004,0.6483,1.3139,0.3585
1.2424,0.0005,0.6830,1.2701,0.3522
1.2948,0.0004,0.7698,1.0968,0.3419
1.8001,0.0004,0.6890,1.9479,0.3461
1.2683,0.0003,0.8106,1.1992,0.3459
1.5305,0.0005,0.8753,1.6328,0.3372
1.3017,0.0004,0.7213,1.0326,0.3512
2.3364,0.0008,0.6967,2.3751,0.3865
1.0844,0.0006,0.9398,0.9601,0.3865
1.6171,0.0005,1.0626,1.7617,0.3714
1.8496,0.0007,0.8951,1.8536,0.3505
1.5459,0.0006,0.8421,1.5431,0.3579
1.3450,0.0004,0.9707,1.4686,0.3702
1.2184,0.0006,0.6681,1.0070,0.3702
1.4346,0.0006,0.8842,1.4179,0.3660
1.4406,0.0007,0.8264,1.5106,0.3714
1.4182,0.0003,0.6537,1.5553,0.3711
1.6503,0.0003,0.6348,1.6317,0.3410
1.3075,0.0004,0.7368,1.1779,0.3410
1.6568,0.0007,1.0912,1.4266,0.5370
1.6695,0.0006,1.4424,2.0119,0.3570
1.9022,0.0007,0.7093,1.6104,0.3339
0.8020,0.0004,0.9624,1.0848,0.3339
1.6764,0.0005,0.7154,1.4797,0.3690
1.6701,0.0005,0.7112,1.5250,0.3333
1.4750,0.0005,0.9047,1.7038,0.3391
1.7774,0.0006,0.9357,1.7075,0.3509
1.4782,0.0006,0.9402,1.6155,0.3480
0.9753,0.0004,0.8185,1.0149,0.3490
1.5800,0.0006,1.0276,1.2508,0.3744
1.4400,0.0005,1.4630,1.5804,0.3744
1.8502,0.0005,1.2131,1.9638,0.3472
1.5052,0.0004,0.7715,1.5450,0.3461
1.5314,0.0004,0.6882,1.4938,0.3508
1.4341,0.0005,0.6666,1.4584,0.3420
1.2254,0.0003,0.6172,0.9225,0.3367
1.2948,0.0004,0.7567,1.2372,0.3557
1.0208,0.0004,0.7447,1.3846,0.3557
1.5486,0.0003,0.7678,1.0809,0.3400
1.2556,0.0003,0.7060,1.4032,0.3400
1.3894,0.0003,0.6325,1.6411,0.3521
1.4308,0.0005,0.6881,1.2556,0.3664
1.5654,0.0007,0.7970,1.7146,0.3887
1.3747,0.0006,0.8667,1.3832,0.3741
1.8922,0.0004,0.6718,1.9163,0.3446
1.1017,0.0006,0.7426,1.1080,0.3446
1.6359,0.0004,0.8361,1.1342,0.3369
1.2538,0.0005,0.8736,1.7500,0.3369
1.4141,0.0004,0.7632,1.3869,0.3602
1.5913,0.0004,0.7129,1.6020,0.3634
1.8197,0.0003,0.6975,1.7152,0.3393
0.9761,0.0004,0.7183,1.0406,0.3393
1.8195,0.0006,1.0386,1.6284,0.3558
2.1428,0.0005,1.0696,2.2455,0.3926
1.2288,0.0006,0.9555,0.9637,0.3459
0.7910,0.0005,1.0885,0.9025,0.3459
1.5208,0.0005,0.6489,1.6504,0.3490
1.1300,0.0004,0.6766,1.1109,0.3490
1.5916,0.0004,0.6419,1.6754,0.3639
1.1946,0.0004,0.6644,1.0056,0.3639
1.4799,0.0005,0.6217,1.4890,0.3563
1.1123,0.0005,0.8408,1.1671,0.3563
1.4451,0.0004,0.7535,1.4267,0.3527
1.2366,0.0004,0.7735,1.3186,0.3537
1.9501,0.0005,0.7127,1.8841,0.3611
1.3954,0.0005,0.8488,1.4574,0.9325
1.0484,0.0004,0.8271,0.9021,0.9325
1.5548,0.0005,0.6613,1.4939,0.3447
1.2011,0.0004,0.7782,1.3154,0.3447
1.3421,0.0005,0.6507,1.4171,0.3604
1.3408,0.0004,0.6236,1.2263,0.3425
1.2102,0.0005,0.6964,1.0388,0.3467
1.2097,0.0004,0.7189,1.2829,0.3467
1.5879,0.0004,0.6025,1.5873,0.3567
1.0964,0.0004,0.7063,1.3239,0.3567
1.4441,0.0006,0.6190,1.0664,0.3560
1.6729,0.0006,0.8763,1.9866,0.3390
0.9223,0.0005,0.7944,0.8327,0.3390
1.4437,0.0006,0.7671,1.4015,0.3797
1.2986,0.0006,1.2768,1.3457,0.3658
1.4565,0.0006,0.6573,1.4037,0.3371
1.7478,0.0005,0.6927,1.6059,0.3516
1.1054,0.0004,1.0013,1.3460,0.3516
1.5675,0.0005,0.9520,1.5764,0.3412
1.3547,0.0004,0.7159,1.3988,0.3479
1.5900,0.0004,0.6260,1.5604,0.3699
1.9747,0.0004,0.7581,1.9137,0.3639
1.5197,0.0005,0.8552,1.5888,0.3567
1.1939,0.0005,0.7316,1.1755,0.3567
1.3258,0.0005,0.7306,1.1749,0.3752
1.2792,0.0004,0.7181,1.2870,0.3925
1.3446,0.0005,0.6871,1.4923,0.3593
1.5508,0.0004,0.7083,1.5709,0.3611
2.0252,0.0004,0.7356,1.9890,0.3453
1.2261,0.0003,0.6443,1.2505,0.3453
1.4333,0.0006,0.5963,1.3786,0.3362
1.5582,0.0003,0.6784,1.5516,0.3408
1.5984,0.0004,0.7529,1.3032,0.3295
1.3533,0.0005,0.8225,1.6123,0.3295
1.7298,0.0006,0.8644,1.4981,0.3541
1.5087,0.0008,0.8808,1.5996,0.3622
1.5790,0.0007,0.9601,1.5899,0.3399
1.7000,0.0004,0.8492,1.8372,0.3499
1.2351,0.0004,0.6210,1.1383,0.3499
1.2695,0.0004,0.6755,1.3643,0.3444
1.3644,0.0005,0.6313,1.2839,0.3446
1.2077,0.0003,0.6210,1.2421,0.3418
1.6932,0.0004,0.6718,1.7152,0.3665
1.7047,0.0004,0.6781,1.7113,0.3349
1.3917,0.0004,0.6524,1.0801,0.3502
1.3375,0.0006,0.5926,1.5698,0.3379
1.6571,0.0006,0.6757,1.6381,0.3774
1.7290,0.0004,0.7481,1.7808,0.3741
1.7124,0.0004,0.7169,1.6475,0.3404
1.0765,0.0005,0.8180,1.1606,0.3404
1.5742,0.0003,0.7582,1.5579,0.3351
1.4427,0.0004,0.6161,1.4054,0.3390
1.1079,0.0004,0.6424,1.0408,0.3390
2.0806,0.0004,0.7370,2.0760,0.3410
1.4352,0.0004,0.7988,1.1555,0.3410
1.7769,0.0005,0.7532,2.1233,0.3433
1.8436,0.0006,0.6504,1.7883,0.3516
1.3012,0.0004,0.8091,0.9548,0.3516
1.5789,0.0005,1.1773,1.7803,0.3672
1.5414,0.0004,0.6916,1.5908,0.3516
1.9724,0.0006,0.7024,2.0858,0.3450
1.3419,0.0004,0.7107,1.2860,0.3450
2.0674,0.0005,0.7847,1.5356,0.3566
1.6634,0.0004,0.8675,2.2428,0.3432
1.2024,0.0004,0.6989,0.9069,0.3432
1.3351,0.0004,0.8083,1.5425,0.3462
1.7119,0.0006,0.8143,1.7576,0.3528
1.8500,0.0005,0.9532,1.6995,0.3441
1.9088,0.0009,0.8309,2.0666,0.3489
1.3247,0.0004,0.6964,1.3354,0.3489
1.3251,0.0003,0.6638,1.3409,0.3499
1.5633,0.0004,0.8165,1.1538,0.3580
1.5052,0.0005,0.6696,1.8836,0.3408
1.3797,0.0005,0.6944,1.1520,0.3515
1.1706,0.0004,0.8797,1.3888,0.3515
1.2407,0.0003,0.6230,1.2517,0.3449
1.5383,0.0004,0.5703,1.5358,0.3799
1.6930,0.0004,0.5661,1.6863,0.3511
1.3277,0.0006,0.7982,1.0818,0.3769
1.3826,0.0005,1.2153,1.5563,0.3769
1.4904,0.0005,1.1258,1.4017,0.3622
1.3652,0.0004,0.8086,1.2267,0.3622
1.9558,0.0006,0.7234,2.2065,0.3361
1.4406,0.0004,0.7396,1.4283,0.3361
2.0249,0.0004,0.6884,1.9252,0.3440
1.5450,0.0006,0.7613,1.5493,0.3395
1.5125,0.0004,0.7552,1.2536,0.3395
1.7200,0.0005,0.7822,2.0806,0.3398
1.5750,0.0004,0.6287,1.5429,0.3398
1.6942,0.0005,0.6511,1.6529,0.3489
1.7900,0.0005,0.7701,1.6302,0.3423
1.0884,0.0004,0.8811,1.0535,0.3423
2.0485,0.0007,0.7039,2.2343,0.3505
2.0055,0.0011,0.7819,1.8185,0.3417
1.4800,0.0006,1.3883,1.6194,0.3498
1.4571,0.0008,0.9007,1.4925,0.3461
1.3608,0.0005,0.7049,1.3988,0.3461
1.4144,0.0005,0.5853,1.3477,0.3366
1.8742,0.0004,0.7094,1.8719,0.3487
1.4144,0.0007,0.8826,1.4006,0.3487
1.7669,0.0005,0.8164,1.3607,0.3878
1.7258,0.0004,0.9335,2.1580,0.3403
1.5714,0.0005,0.9181,1.2192,0.3421
1.3659,0.0005,0.9114,1.7192,0.3398
1.5558,0.0004,0.6822,1.5574,0.3517
1.0677,0.0004,0.6142,1.0230,0.3373
1.6680,0.0003,0.5862,1.7147,0.3451
1.5782,0.0003,0.6340,1.3807,0.3591
1.5784,0.0003,0.7878,1.5950,0.3431
1.9763,0.0004,0.6357,2.0932,0.3529
1.7913,0.0005,0.6897,1.6066,0.3374
1.9304,0.0005,0.7918,2.0100,0.3385
1.8634,0.0005,0.9354,1.8503,0.3507
1.2973,0.0005,0.8436,1.1698,0.3380
1.4457,0.0005,0.8396,1.7025,0.3380
1.3806,0.0004,0.5940,1.3762,0.3492
1.6462,0.0004,0.6487,1.4601,0.3423
1.9174,0.0005,0.7543,1.9755,0.3495
1.2584,0.0004,0.8648,1.0284,0.3495
1.3958,0.0004,0.8174,1.7334,0.3500
1.6843,0.0006,0.6732,1.6275,0.3493
1.8532,0.0005,0.8349,1.6318,0.3417
1.7619,0.0004,0.9853,1.9966,0.3554
1.4324,0.0007,0.7958,1.0738,0.3554
1.3337,0.0004,0.9543,1.5742,0.3379
1.4357,0.0005,0.8019,1.3576,0.3482
1.0905,0.0004,0.8437,1.3119,0.3482
1.6032,0.0004,0.7261,1.3003,0.3599
1.5565,0.0005,0.6669,1.5768,0.3436
1.7175,0.0005,0.7726,1.9697,0.3555
1.3950,0.0003,0.7787,1.2394,0.3513
2.0613,0.0005,0.6854,1.7398,0.3770
1.3734,0.0004,0.9083,1.7616,0.3770
1.4674,0.0005,0.9896,1.1888,0.3472
1.1136,0.0004,0.8832,1.4758,0.3472
1.6896,0.0003,0.7677,1.6131,0.3546
1.9648,0.0003,0.6224,2.0218,0.3350
0.9795,0.0004,0.6039,0.9887,0.3490
1.0735,0.0003,0.6673,0.9742,0.3638
1.8425,0.0004,0.7614,1.9172,0.3449
1.6982,0.0005,0.5832,1.6069,0.3435
1.9358,0.0005,0.6661,1.9074,0.3550
2.0480,0.0006,0.7868,2.0739,0.3419
1.6643,0.0003,0.8893,1.7009,0.3443
1.3433,0.0003,0.6729,1.2104,0.3443
1.2379,0.0003,1.0112,1.3708,0.3492
1.8479,0.0004,0.7094,1.8408,0.3538
1.5811,0.0004,0.6887,1.5742,0.3446
1.3355,0.0003,0.6431,1.3280,0.3549
1.3610,0.0004,0.6674,1.3723,0.3549
1.3930,0.0006,0.5941,1.0791,0.3457
1.4639,0.0004,0.7203,1.4251,0.3541
1.7762,0.0008,0.7302,1.9799,0.3498
1.8485,0.0007,1.7270,1.2927,0.5559
1.1457,0.0005,1.3392,1.8074,0.3582
1.7384,0.0005,0.8078,1.7393,0.3582
1.8079,0.0003,0.7001,1.7991,0.3426
1.5333,0.0003,0.6378,1.5391,0.3426
1.1306,0.0004,0.6185,0.9927,0.3492
1.5939,0.0005,0.8049,1.6753,0.3476
1.0432,0.0005,0.6676,1.0889,0.3475
1.0443,0.0006,0.6432,0.9430,0.3475
1.3653,0.0004,0.6693,1.3049,0.3452
1.4140,0.0004,0.8041,1.2671,0.3452
2.3965,0.0007,0.7500,2.5697,0.3434
1.4013,0.0004,0.8627,1.4556,0.3671
1.2073,0.0004,0.7485,1.1087,0.3588
1.3537,0.0005,0.7960,1.3333,0.3588
1.2959,0.0005,0.8515,1.3551,0.3658
1.2122,0.0004,0.8643,1.1887,0.3552
1.2864,0.0006,0.6001,1.2310,0.3359
1.6149,0.0003,0.5838,1.4386,0.3498
1.6604,0.0004,0.6762,1.9843,0.3459
1.3528,0.0006,0.7183,1.0579,0.3304
1.9470,0.0005,0.7241,2.2023,0.3459
1.6434,0.0005,0.6946,1.6023,0.3643
1.3257,0.0004,0.7616,1.0734,0.3761
1.3943,0.0003,0.7366,1.6862,0.3523
1.4237,0.0003,0.6385,1.4256,0.3436
1.3226,0.0004,0.6666,1.3099,0.3424
1.6171,0.0003,0.6522,1.5127,0.3586
1.7091,0.0003,0.6209,1.7138,0.3357
1.3339,0.0004,0.6170,1.4080,0.3429
1.4302,0.0005,0.6466,1.1722,0.3381
1.1918,0.0004,0.8944,1.2765,0.3381
1.9806,0.0005,0.8468,2.1005,0.3477
1.3187,0.0007,0.8728,1.2819,0.5164
1.5259,0.0010,0.8294,1.5112,0.3567
1.3429,0.0005,0.8399,1.3802,0.3541
1.3457,0.0004,0.7032,1.3522,0.3673
1.2761,0.0004,0.6546,1.2713,0.3516
1.4682,0.0004,0.7603,1.2747,0.3516
1.6455,0.0004,0.7367,1.8257,0.3382
1.2939,0.0004,0.6969,1.1866,0.3349
1.4437,0.0005,0.9608,1.3718,0.3448
1.7676,0.0005,0.9461,1.8996,0.3400
1.0746,0.0004,0.7021,0.8669,0.3400
2.1824,0.0007,0.7777,1.8906,0.3611
1.1954,0.0005,1.3420,1.6824,0.3611
1.4194,0.0004,0.7655,1.4377,0.3607
1.2101,0.0004,0.6883,1.2167,0.3607
1.6236,0.0006,0.6472,1.3659,0.3372
1.5276,0.0005,0.9006,1.7430,0.3518
1.6504,0.0004,0.6506,1.6766,0.3518
1.4405,0.0004,0.6046,1.4507,0.3548
1.5745,0.0004,0.5669,1.4902,0.3417
1.7193,0.0005,0.6792,1.7874,0.3444
1.5347,0.0003,0.6132,1.4333,0.3491
1.9237,0.0007,0.5906,1.5473,0.3491
1.6944,0.0006,0.9320,1.9585,0.3786
1.3712,0.0005,0.9161,1.4532,0.3728
1.6603,0.0004,0.7259,1.4131,0.3445
1.1164,0.0005,0.8180,1.3743,0.3445
1.6335,0.0004,0.7216,1.4128,0.3406
1.7477,0.0005,0.8839,1.9951,0.3640
1.5278,0.0005,0.6560,1.5430,0.3479
1.3774,0.0004,0.6829,1.1410,0.3479
1.9194,0.0004,0.8265,2.0524,0.3410
1.7558,0.0004,0.7388,1.8369,0.3410
1.2234,0.0004,0.6345,1.1080,0.3617
1.7835,0.0004,0.7091,1.6439,0.3804
1.6978,0.0004,0.8927,1.8399,0.3392
1.4998,0.0006,0.7885,1.5366,0.3392
1.3992,0.0003,0.7670,1.1537,0.3694
1.2160,0.0004,0.9468,1.5145,0.3694
1.5770,0.0005,0.6582,1.2636,0.3470
1.8258,0.0005,0.6178,1.7859,0.3574
1.3013,0.0004,0.6692,1.6339,0.3530
1.2085,0.0004,0.6430,1.0248,0.3413
2.1315,0.0007,0.6334,2.0807,0.3650
1.1309,0.0006,0.9507,1.3096,0.3778
1.6070,0.0005,0.8257,1.5875,0.3478
1.1063,0.0004,0.7525,0.8511,0.3665
1.1882,0.0004,0.8325,1.2888,0.3665
1.2350,0.0005,0.9042,1.3072,0.3587
1.5052,0.0005,0.8842,1.5993,0.3549
1.5886,0.0004,0.6807,1.4038,0.3616
1.5026,0.0004,1.0746,1.6413,0.3817
1.4175,0.0004,0.8071,1.2911,0.3450
1.5740,0.0005,0.6897,1.2555,0.3489
1.5153,0.0005,0.8747,1.9890,0.3578
1.1768,0.0003,0.6866,1.0480,0.3578
1.5493,0.0006,0.7383,1.6405,0.3733
1.5875,0.0007,1.1653,1.2633,0.3806
1.2670,0.0004,0.9806,1.6124,0.3806
1.6240,0.0005,0.8050,1.5984,0.3583
1.3342,0.0005,0.6885,1.3188,0.3583
1.4311,0.0004,0.6737,1.3940,0.3547
1.4321,0.0005,0.6622,1.2776,0.3625
1.3895,0.0005,0.8206,1.3923,0.3576
1.1656,0.0004,0.9200,1.2675,0.3576
1.2994,0.0005,0.6521,1.4100,0.3483
1.5810,0.0005,0.6273,1.1407,0.3413
1.1173,0.0005,1.0157,1.4200,0.3413
1.8181,0.0005,0.8155,1.5541,0.3604
1.6685,0.0005,0.8713,2.0062,0.3405
1.3996,0.0005,0.7278,1.4273,0.3472
1.4050,0.0004,0.6451,1.3314,0.3472
1.5903,0.0003,0.8467,1.6522,0.3528
1.4791,0.0003,0.8149,1.3098,0.3432
1.7294,0.0005,0.7125,1.7282,0.3417
1.5288,0.0005,0.7067,1.3961,0.3598
1.4895,0.0006,0.6546,1.6827,0.3398
2.0308,0.0005,0.6912,2.0914,0.3440
1.2782,0.0003,0.7187,1.2696,0.3440
1.2321,0.0004,0.8912,1.1805,0.3815
1.2465,0.0005,0.8945,1.2689,0.3778
1.3145,0.0005,0.7603,1.1566,0.3557
2.0685,0.0004,0.7907,2.2395,0.3643
1.0618,0.0005,0.7514,0.8508,0.3643
1.1354,0.0004,0.6980,1.3858,0.3641
1.4038,0.0004,0.5973,1.3388,0.3398
1.8228,0.0004,0.6501,1.7308,0.3528
2.1930,0.0005,0.6978,2.2480,0.3501
1.3980,0.0005,0.8037,1.4289,0.3367
1.8780,0.0006,0.8304,1.8272,0.3562
1.3882,0.0007,1.0118,1.0311,0.3562
2.0282,0.0006,1.0653,2.1229,0.3540
1.4694,0.0005,1.0723,1.5432,0.3516
2.0904,0.0007,0.8168,2.2656,0.3613
1.4794,0.0007,0.9550,1.3685,0.3458
1.3517,0.0006,0.9645,1.4949,0.3566
1.5386,0.0004,0.8853,1.5574,0.3566
1.5695,0.0004,0.7887,1.4605,0.3433
2.0266,0.0005,0.8833,1.9533,0.3453
1.8992,0.0004,0.9516,1.9667,0.3453
1.6343,0.0007,0.9329,1.4196,0.5446
1.6387,0.0004,1.0643,1.8992,0.3551
1.6044,0.0005,0.8273,1.6048,0.3551
1.2736,0.0005,0.7946,1.0852,0.3504
1.6445,0.0005,0.8068,1.8185,0.3459
1.7563,0.0005,0.7591,1.6809,0.3511
1.2903,0.0006,1.0971,1.3535,0.3577
1.4635,0.0005,0.9323,1.2867,0.3577
1.6452,0.0006,0.6869,1.7024,0.3559
2.1613,0.0007,0.7670,1.5617,0.3554
2.3115,0.0008,1.1717,2.8374,0.3747
1.7735,0.0007,1.2611,1.8273,0.3433
1.8745,0.0008,1.1222,1.8836,0.3472
2.0847,0.0010,1.0533,2.0492,0.3525
2.0241,0.0006,1.1370,2.0576,0.3577
1.8259,0.0005,1.2468,1.8515,0.3457
1.5146,0.0006,0.8897,1.2717,0.3457
2.4122,0.0016,0.8666,2.4156,0.3482
1.5861,0.0009,1.2693,1.7595,0.3482
2.0279,0.0006,1.1189,2.0114,0.3665
1.8210,0.0006,1.0144,1.8544,0.3453
1.1427,0.0006,0.8789,1.1461,0.3453
1.9177,0.0006,0.8210,1.9096,0.3352
1.9778,0.0005,0.8533,1.8452,0.3543
1.5904,0.0005,1.0417,1.7297,0.3363
1.7527,0.0006,1.0625,1.4793,0.3445
1.9235,0.0005,1.0592,2.1619,0.3313
1.7513,0.0006,1.0327,1.4815,0.3313
2.0130,0.0008,1.2343,2.2065,0.3595
1.5231,0.0009,1.2798,1.5467,0.3760
1.7606,0.0006,1.3480,1.4093,0.3516
1.6965,0.0005,1.1021,1.9320,0.3428
2.0372,0.0004,1.1347,2.1346,0.3358
1.8550,0.0007,0.9996,1.8818,0.3495
1.7290,0.0013,1.1149,1.6987,0.3495
1.7552,0.0007,0.9482,1.5203,0.3487
2.5245,0.0010,0.9991,2.3916,0.3561
1.3050,0.0007,1.3960,1.6586,0.3561
2.2161,0.0009,0.9355,2.1466,0.3455
1.4884,0.0007,0.9372,1.5090,0.3455
2.1297,0.0006,0.9856,2.1142,0.3425
1.9122,0.0009,0.9340,1.7063,0.3646
1.4226,0.0008,1.1591,1.5818,0.3646
2.0011,0.0009,1.1029,2.0070,0.3538
1.5115,0.0007,0.9071,1.0583,0.3538
1.7803,0.0006,0.9339,2.1671,0.3631
1.7071,0.0011,0.9169,1.6952,0.3423
2.1196,0.0005,1.3308,2.1891,0.3596
1.6071,0.0008,1.1063,1.6408,0.3596
1.6675,0.0007,0.9336,1.5889,0.3450
1.5578,0.0006,1.0250,1.6107,0.3585
1.7827,0.0008,0.8431,1.7468,0.3656
2.1195,0.0008,0.9134,2.1074,0.3532
1.7839,0.0009,1.2055,1.4553,0.3532
2.1255,0.0010,1.3832,2.2634,0.3422
1.5264,0.0008,1.2343,1.7008,0.3422
1.7012,0.0010,0.9785,1.5830,0.3451
1.2851,0.0006,1.1289,1.2972,0.3451
1.9086,0.0005,1.0330,1.8207,0.3492
1.7155,0.0009,0.7747,1.9207,0.3490
1.6261,0.0006,0.7925,1.5908,0.3546
1.7779,0.0007,0.8580,1.7483,0.3370
1.8139,0.0007,1.0677,1.8279,0.3697
1.3271,0.0007,1.0580,1.2509,0.3405
1.8169,0.0005,1.1673,1.9105,0.3738
1.5761,0.0006,1.0453,1.4539,0.3339
2.0431,0.0008,1.0661,2.1007,0.3889
1.4170,0.0006,0.9710,1.4029,0.3422
1.5636,0.0006,0.9313,1.6131,0.3635
1.7077,0.0006,0.9118,1.7137,0.3642
1.6211,0.0005,0.9306,1.5917,0.3575
1.4242,0.0004,1.1389,1.1568,0.3575
1.8198,0.0005,1.0115,2.1029,0.3592
1.5165,0.0006,0.9669,1.5286,0.3592
1.8042,0.0009,1.1059,1.7586,0.3567
2.0135,0.0008,1.0944,1.9386,0.3795
1.9660,0.0007,1.3171,1.6226,0.3601
1.9066,0.0006,1.5755,2.2758,0.4307
1.8181,0.0007,1.0897,1.7473,0.3513
1.1784,0.0007,0.9957,1.2915,0.3513
2.4441,0.0006,0.8905,2.2143,0.3539
1.0758,0.0004,1.1621,1.3039,0.3483
1.3952,0.0005,0.8323,1.3433,0.3483
1.6777,0.0007,0.9548,1.4536,0.3555
1.3931,0.0006,0.7857,1.6467,0.3489
1.8126,0.0006,0.8055,1.6493,0.3526
1.1107,0.0005,1.2083,1.0859,0.3564
1.9750,0.0008,0.9478,2.0136,0.3419
1.3104,0.0007,1.1563,1.2601,0.3419
1.8416,0.0008,1.0914,1.8442,0.3443
1.6203,0.0006,0.9993,1.5816,0.3443
1.8998,0.0007,0.8828,1.9330,0.3627
1.9222,0.0008,0.9185,1.9060,0.3281
1.6046,0.0006,1.0657,1.6678,0.3404
1.9027,0.0005,0.9593,1.6719,0.3355
1.9040,0.0005,1.0284,2.1159,0.3429
1.6745,0.0006,0.9635,1.4661,0.3562
1.6819,0.0006,0.9074,1.7644,0.3396
1.9546,0.0006,0.8113,2.0864,0.3459
2.0632,0.0006,1.0644,2.0531,0.3435
1.2541,0.0007,1.0076,1.1847,0.3435
2.0168,0.0005,0.9420,2.0998,0.3359
1.7713,0.0005,0.8861,1.6563,0.3522
1.3796,0.0004,1.0291,1.4316,0.3522
1.8619,0.0007,1.0278,1.8669,0.3430
1.8527,0.0007,1.1561,1.8284,0.3430
2.1220,0.0005,0.9898,2.1452,0.3452
1.2591,0.0005,0.8831,1.0879,0.3452
1.9679,0.0006,0.7695,1.7084,0.3354
1.7182,0.0007,0.9192,1.9815,0.3491
1.8558,0.0009,1.2164,1.9120,0.3498
1.6010,0.0004,1.0156,1.7147,0.3498
1.6865,0.0005,0.7753,1.6805,0.3435
1.6598,0.0005,0.8451,1.5689,0.3548
1.7592,0.0006,0.9523,1.7714,0.3963
1.5044,0.0006,0.9761,1.5405,0.3735
1.6821,0.0006,0.9329,1.6318,0.3735
1.8825,0.0004,1.0160,1.8088,0.3525
1.3292,0.0005,0.9928,1.4472,0.3525
1.7451,0.0006,0.7884,1.7305,0.3516
1.7324,0.0005,0.8562,1.6688,0.3502
1.4112,0.0005,1.0801,1.4914,0.3502
1.7261,0.0007,0.7741,1.7158,0.3460
1.5117,0.0006,0.7438,1.2340,0.3537
2.1342,0.0008,0.8620,2.3115,0.3397
1.8090,0.0006,1.1502,1.7109,0.3443
1.6582,0.0006,1.3342,1.8022,0.3465
1.7962,0.0006,0.8808,1.8262,0.3441
1.3547,0.0005,0.8303,1.2212,0.3441
1.5512,0.0007,1.1336,1.6634,0.3544
1.6904,0.0005,0.7562,1.4200,0.3555
1.5924,0.0005,0.8746,1.8768,0.3505
2.0036,0.0006,0.7813,1.9051,0.3419
1.2845,0.0005,0.9965,1.3634,0.3419
1.5039,0.0005,0.9805,1.4379,0.3448
1.9739,0.0005,1.1565,1.9499,0.3763
1.7788,0.0004,1.2723,1.8434,0.3629
1.6701,0.0006,0.8144,1.6611,0.3561
1.4174,0.0005,0.8180,1.1116,0.3561
1.7744,0.0004,0.8678,2.0659,0.3342
1.8339,0.0005,0.9388,1.7823,0.3351
1.8320,0.0005,0.9668,1.7748,0.3465
1.5666,0.0005,0.9785,1.6529,0.3485
1.5718,0.0007,0.9711,1.3060,0.3485
2.0584,0.0008,1.0187,2.2087,0.3349
2.1367,0.0004,1.2786,2.1664,0.3564
1.3171,0.0007,1.4053,1.1531,0.3573
1.4672,0.0006,1.2163,1.5721,0.3624
1.6778,0.0005,0.9432,1.7662,0.3470
1.5512,0.0005,0.9350,1.4304,0.3470
2.1108,0.0005,0.9503,2.1366,0.3477
1.3978,0.0003,0.9696,1.4782,0.3477
1.5527,0.0007,1.0220,1.5039,0.3477
1.8160,0.0005,1.0391,1.4123,0.3412
1.7839,0.0009,1.3822,2.1608,0.3385
2.4944,0.0010,1.0708,2.2847,0.3486
1.1524,0.0008,1.3089,0.9457,0.3486
1.7158,0.0006,1.1617,2.0663,0.3402
1.8403,0.0006,0.9930,1.8736,0.3472
1.8288,0.0007,0.8159,1.8425,0.3525
1.7030,0.0006,0.8868,1.7196,0.3525
1.4319,0.0007,0.8944,1.3614,0.3440
1.8541,0.0006,0.8141,1.7174,0.3372
2.0610,0.0010,1.0178,2.0452,0.3698
1.8769,0.0005,1.1698,1.9110,0.3583
1.8142,0.0006,1.1888,1.9515,0.3545
1.5574,0.0006,1.0232,1.5717,0.3545
1.7021,0.0006,0.8859,1.6112,0.3426
2.0227,0.0008,1.0511,2.0295,0.3388
1.8300,0.0007,0.9581,1.7633,0.3388
1.9065,0.0009,1.0876,2.0199,0.3407
1.5381,0.0008,0.9362,1.0055,0.3590
1.8578,0.0007,1.3198,2.2944,0.3361
1.7500,0.0007,1.0314,1.8031,0.3885
1.5067,0.0006,1.0455,1.3467,0.3885
2.2275,0.0007,1.1642,2.2971,0.3489
1.6670,0.0009,1.0815,1.7206,0.3489
2.0404,0.0008,0.8476,2.0674,0.3389
2.0948,0.0009,0.8988,1.9626,0.3379
1.7383,0.0007,0.9403,1.7868,0.3334
1.8475,0.0005,0.9189,1.8708,0.3306
1.7294,0.0010,0.9214,1.6791,0.3658
1.5944,0.0007,1.3050,1.5825,0.3969
1.3831,0.0006,1.2435,1.4618,0.3969
1.8246,0.0008,0.7735,1.5032,0.3570
2.2186,0.0009,0.9816,2.4130,0.3543
1.6921,0.0005,1.0273,1.7786,0.3381
1.5270,0.0007,0.8092,1.4394,0.3446
1.7304,0.0006,0.9913,1.7020,0.3446
1.9532,0.0006,1.0403,1.9587,0.3406
1.6455,0.0012,0.9642,1.6404,0.3406
2.1291,0.0009,1.1507,1.9308,0.3548
2.1402,0.0008,1.4815,2.3336,0.3698
1.2817,0.0005,1.1684,0.9595,0.3467
2.3336,0.0006,0.8884,2.7067,0.3475
1.3256,0.0005,0.7479,1.2678,0.3534
1.6121,0.0007,0.8716,1.5300,0.3442
1.8053,0.0006,0.9318,1.8917,0.3502
1.2708,0.0005,1.3025,1.3198,0.3502
2.0278,0.0009,0.9701,1.9566,0.3400
1.4587,0.0009,1.0520,1.4736,0.3400
2.3741,0.0008,1.1509,2.2011,0.3627
1.3172,0.0198,1.1393,1.2739,0.3627
1.5415,0.0008,1.0090,1.7660,0.3371
1.5357,0.0009,0.8172,1.5173,0.3475
2.2652,0.0011,1.0091,2.1089,0.3523
1.1300,0.0006,1.2330,1.3280,0.3432
2.0804,0.0010,0.8251,1.9181,0.3432
1.7328,0.0005,0.9675,1.8372,0.3468
1.8851,0.0009,0.8416,1.4394,0.3439
2.0217,0.0005,0.8447,2.1827,0.3545
2.0766,0.0006,1.4608,2.1934,0.3394
1.6093,0.0005,1.1373,1.7723,0.3532
1.9360,0.0008,0.7875,1.8677,0.3492
1.5900,0.0010,0.9322,1.4359,0.3438
1.8403,0.0007,1.2682,1.9802,0.3444
1.2312,0.0005,0.9238,1.3088,0.3444
1.4698,0.0006,0.8575,1.1487,0.3475
1.8438,0.0009,0.8451,2.0423,0.3344
1.8623,0.0006,1.0079,1.7759,0.3397
2.2102,0.0006,0.9362,2.2504,0.3711
2.1140,0.0004,1.0753,2.1524,0.3665
1.9653,0.0006,1.1115,1.9514,0.3526
1.5745,0.0008,1.0984,1.5256,0.3568
1.7786,0.0006,1.1106,1.8424,0.3629
1.7373,0.0007,0.8158,1.7522,0.3656
1.6867,0.0009,0.8360,1.5388,0.3656
1.6857,0.0009,1.0526,1.7036,0.3603
2.2003,0.0008,1.0507,2.2377,0.3383
1.4763,0.0009,0.9485,1.5067,0.3383
1.9987,0.0179,0.9727,1.8872,0.3514
1.8183,0.0010,1.0692,1.9069,0.3455
1.2538,0.0006,1.1784,0.9398,0.3455
2.2394,0.0008,0.9729,2.4843,0.3446
2.0199,0.0006,0.8841,1.9450,0.3387
1.9225,0.0005,1.0252,1.9562,0.3289
1.8367,0.0007,1.1607,1.9208,0.3366
1.9269,0.0009,0.9381,1.8051,0.3334
2.3423,0.0007,1.1284,2.3643,0.3450
1.8109,0.0008,1.3630,1.7976,0.3450
2.2455,0.0007,0.9895,2.1876,0.3491
1.7065,0.0004,1.2671,1.7688,0.3484
1.7148,0.0005,0.9303,1.8121,0.3350
1.7791,0.0005,0.7623,1.2635,0.3356
2.0743,0.0006,0.8362,2.4671,0.3257
1.6919,0.0006,0.9169,1.7389,0.3370
1.7095,0.0006,0.8390,1.4778,0.3469
2.2307,0.0006,0.8704,2.3727,0.3771
1.8987,0.0172,0.9776,1.7854,0.3742
2.0185,0.0007,1.0653,1.8350,0.3553
1.7453,0.0006,0.9534,1.6442,0.3471
1.6391,0.0005,0.9731,2.1064,0.3390
1.7758,0.0007,0.8074,1.6391,0.3422
1.3340,0.0009,0.9670,1.3094,0.3495
1.3804,0.0008,0.8727,1.3944,0.3497
1.8966,0.0010,0.8778,1.9459,0.3350
1.8195,0.0007,1.1621,1.8614,0.3520
1.9806,0.0009,0.9695,1.7648,0.3586
2.1227,0.0008,1.4110,2.3124,0.3495
1.6629,0.0007,1.0808,1.1949,0.3495
2.2593,0.0005,1.0700,2.2442,0.3721
2.1669,0.0006,1.0147,2.6377,0.3377
1.7637,0.0004,1.0151,1.7277,0.3463
1.8773,0.0007,0.9049,1.8485,0.3411
2.0025,0.0007,1.0872,1.8562,0.3411
1.6312,0.0007,1.2750,1.7201,0.3906
1.7980,0.0007,1.0631,1.3983,0.3425
1.6752,0.0008,1.0430,2.0563,0.3676
1.8883,0.0008,1.0091,1.9757,0.3624
1.6916,0.0005,1.0560,1.7279,0.3426
1.8321,0.0006,0.7658,1.7358,0.3426
1.9897,0.0005,0.8828,2.0423,0.3454
1.7236,0.0004,0.8041,1.7122,0.3705
1.5543,0.0004,0.7910,1.5322,0.3705
1.5469,0.0007,0.8681,1.5466,0.3639
2.0423,0.0006,0.9312,1.9768,0.3429
2.3107,0.0009,0.9701,2.3175,0.3429
1.6465,0.0005,1.0469,1.5231,0.3429
2.3517,0.0006,1.0917,2.4731,0.3428
1.4973,0.0006,0.9310,1.4078,0.3428
2.1909,0.0008,1.0857,2.1657,0.3455
1.5341,0.0005,0.9688,1.6620,0.3538
2.0369,0.0006,0.8357,1.7687,0.3538
2.5402,0.0011,1.1332,2.6993,0.3650
2.1295,0.0006,1.2186,2.1830,0.3656
1.7070,0.0006,1.1322,1.6814,0.3439
1.5590,0.0008,0.9970,1.5547,0.3393
1.3963,0.0008,1.0138,1.1535,0.3557
1.4074,0.0006,1.1849,1.5808,0.3557
2.3108,0.0007,0.9928,2.2614,0.3420
1.9687,0.0006,1.1048,1.8946,0.3408
1.3397,0.0008,1.4218,1.3774,0.3408
1.6890,0.0006,1.1140,1.5540,0.3777
2.1660,0.0005,1.3092,2.2585,0.3622
1.2826,0.0005,1.3403,1.4078,0.3401
1.9276,0.0005,1.0140,1.8082,0.3401
1.5634,0.0006,1.0970,1.3165,0.3439
1.9477,0.0005,0.9570,2.3366,0.3456
1.6547,0.0005,1.0295,1.6588,0.3587
1.2912,0.0005,1.0053,1.2328,0.3587
2.3792,0.0005,0.9329,2.3451,0.3433
1.7061,0.0008,0.9412,1.6934,0.3842
1.6180,0.0006,1.1957,1.5688,0.3868
1.8738,0.0005,1.0259,1.8753,0.3868
1.5375,0.0004,1.0000,1.3825,0.3483
2.1325,0.0007,0.9110,2.1617,0.3355
1.2343,0.0006,1.2271,1.2489,0.3355
2.2301,0.0004,0.8252,2.4049,0.3499
1.3881,0.0009,0.7911,1.3050,0.3499
1.9998,0.0007,1.2868,2.0708,0.3458
2.0686,0.0005,0.8192,1.7759,0.3551
1.5484,0.0007,1.2362,1.3051,0.4153
2.2529,0.0005,1.4460,2.7301,0.3464
1.5350,0.0004,1.2030,1.5702,0.3430
2.0647,0.0006,0.9816,2.0439,0.3449
2.0356,0.0004,0.8879,1.6233,0.3449
1.7679,0.0005,0.9829,2.1593,0.3692
2.3209,0.0005,0.9232,2.3290,0.3575
2.0337,0.0006,0.7810,1.9848,0.3618
1.3734,0.0006,0.9278,1.4372,0.3618
1.4351,0.0005,1.0929,1.2626,0.8547
1.9226,0.0005,0.7665,2.0707,0.3563
1.5800,0.0006,0.7418,1.5861,0.3436
1.3752,0.0006,0.7734,1.3840,0.3417
1.4617,0.0006,0.7266,1.4334,0.3417
1.4868,0.0006,0.7821,1.1910,0.3471
1.6744,0.0006,1.0538,1.5855,0.3525
1.6233,0.0006,0.7982,2.0020,0.3451
1.5044,0.0007,0.7118,1.4836,0.3437
1.9476,0.0007,0.6736,1.9197,0.3589
1.8802,0.0007,0.8374,1.8637,0.3952
1.6972,0.0006,0.9747,1.6403,0.3500
1.2833,0.0005,0.9524,1.3837,0.3500
1.9741,0.0006,0.8554,1.9491,0.3434
1.6234,0.0004,0.8217,1.6281,0.3341
1.5154,0.0005,0.7031,1.2985,0.3341
1.8219,0.0006,0.8141,1.9394,0.3591
1.5134,0.0005,0.9368,1.5951,0.3541
1.5939,0.0005,0.6815,1.6014,0.3541
1.8366,0.0006,0.6338,1.7211,0.3456
1.8637,0.0006,0.8105,1.9068,0.3592
1.5280,0.0317,1.1878,1.2489,0.3592
1.6572,0.0005,0.9517,1.5485,0.3357
2.0025,0.0005,1.0423,2.3931,0.3352
1.7537,0.0005,0.8561,1.7381,0.3506
1.5281,0.0007,1.3122,1.5168,0.3506
1.3342,0.0006,0.8151,1.3471,0.3568
1.8659,0.0006,0.9258,1.8797,0.3430
1.7338,0.0006,0.7279,1.7424,0.3301
1.4120,0.0005,0.6517,1.1415,0.3382
1.6905,0.0006,1.1084,1.8536,0.3632
1.2862,0.0005,1.1471,1.2720,0.3632
1.0697,0.0004,0.9108,1.1444,0.3575
1.5944,0.0005,0.9510,1.2906,0.3456
1.4655,0.0004,0.7341,1.4441,0.3423
1.4727,0.0007,1.0152,1.6099,0.3531
1.9511,0.0005,0.6800,2.1505,0.3475
0.8505,0.0004,0.6247,0.8359,0.3475
1.1548,0.0004,0.6192,1.1743,0.3513
1.3756,0.0003,0.6102,1.3655,0.3326
1.4295,0.0005,0.6119,1.4323,0.3326
1.4443,0.0005,0.6222,1.1093,0.3536
1.8905,0.0005,0.7963,1.8670,0.5376
1.4065,0.0005,0.7945,1.7167,0.3941
1.2366,0.0005,0.7488,1.2656,0.3602
1.8678,0.0006,0.7686,1.7912,0.3474
1.2798,0.0004,0.7134,1.3145,0.3641
0.8640,0.0003,0.7128,0.9104,0.3641
1.5104,0.0003,0.5889,1.1828,0.3498
1.3167,0.0007,0.7507,1.6114,0.3417
1.1934,0.0009,0.7079,0.9462,0.3401
1.4388,0.0004,0.8270,1.4790,0.3443
0.8886,0.0004,0.8414,1.0970,0.3443
1.6056,0.0005,0.6415,1.4357,0.3500
1.4811,0.0006,0.7492,1.4946,0.3606
1.5657,0.0005,1.1992,1.5751,0.3761
1.5705,0.0004,0.7100,1.6071,0.3519
1.1924,0.0004,0.6825,1.2500,0.3565
1.5469,0.0005,0.6760,1.2362,0.3662
1.0589,0.0004,0.7840,1.3325,0.3662
1.7275,0.0005,0.6718,1.7663,0.3455
1.3646,0.0004,0.6067,1.3640,0.3436
1.1838,0.0004,0.6438,1.1679,0.3632
1.5255,0.0007,0.6617,1.2127,0.3350
1.4967,0.0005,0.7952,1.4153,0.3350
2.0170,0.0005,0.7342,1.8361,0.3792
0.9842,0.0004,1.3031,1.3494,0.3792
1.9936,0.0005,0.8569,2.1292,0.3362
1.5916,0.0004,0.7881,1.1084,0.3532
1.6658,0.0004,0.9300,1.8631,0.3466
1.1421,0.0004,0.9641,1.3357,0.3466
2.6973,0.0005,0.9780,1.2911,0.3421
1.6914,0.0005,0.6474,3.1989,0.3625
1.5120,0.0004,0.6670,1.5185,0.3548
1.6396,0.0006,0.6490,1.4060,0.3548
2.3839,0.0007,0.7972,2.4764,0.3428
1.4158,0.0008,0.9182,1.4493,0.3538
1.0329,0.0004,0.8859,1.1048,0.3538
1.8327,0.0003,0.6685,1.7128,0.3342
1.4254,0.0004,0.7927,1.5254,0.3543
1.5452,0.0004,0.6551,1.5421,0.3543
1.3283,0.0003,0.6316,1.1455,0.3627
1.3986,0.0004,0.6345,1.3094,0.3451
1.1645,0.0004,0.7774,1.4403,0.3451
1.6237,0.0003,0.6522,1.1296,0.3572
1.1787,0.0007,0.8929,1.6725,0.3445
1.5903,0.0006,0.7074,1.5350,0.3662
1.3298,0.0005,0.8410,1.3439,0.3662
1.5675,0.0005,1.1144,1.4739,0.3715
1.5311,0.0005,0.7853,1.1816,0.3436
1.2416,0.0004,0.8275,1.6872,0.3436
1.7424,0.0005,0.6975,1.7292,0.3621
1.3021,0.0005,0.6434,1.2536,0.3323
1.9536,0.0007,0.7581,1.9139,0.3412
1.3021,0.0004,0.8144,1.3648,0.3496
1.2320,0.0004,0.7639,1.2598,0.3496
1.3778,0.0003,0.7916,1.3243,0.3613
1.9886,0.0006,0.6119,1.9067,0.3974
1.5262,0.0008,1.1870,1.2720,0.3974
2.3380,0.0005,1.1752,2.4665,0.3515
1.4550,0.0005,0.9259,1.4494,0.3515
1.5442,0.0005,0.7729,1.7432,0.3452
1.3767,0.0005,0.6891,1.3730,0.3531
1.2555,0.0003,0.6462,1.2468,0.3531
1.6968,0.0003,0.6684,1.7003,0.3527
1.5692,0.0003,0.7658,1.2000,0.3519
1.4528,0.0003,0.7990,1.7935,0.3540
1.6855,0.0004,0.6178,1.6301,0.3607
1.2802,0.0007,0.7275,1.2944,0.3572
1.5520,0.0005,0.8042,1.4311,0.3521
1.3421,0.0005,0.8277,1.1985,0.3469
1.0911,0.0005,0.8235,1.2659,0.3469
1.4378,0.0004,0.7927,1.2316,0.3515
2.0695,0.0004,0.6294,2.3408,0.3389
1.4619,0.0003,0.6239,1.4801,0.3517
1.6114,0.0005,0.6165,1.5180,0.3292
1.0175,0.0005,0.7078,1.0857,0.3292
1.4794,0.0006,0.7268,1.4856,0.3506
1.8272,0.0006,0.5953,1.7012,0.3459
1.1532,0.0004,0.8099,1.0665,0.3459
1.9720,0.0005,0.7737,2.1191,0.3738
1.5348,0.0005,0.6992,1.2326,0.3772
1.6977,0.0004,0.8208,2.0123,0.3433
1.4788,0.0003,0.6681,1.4672,0.3433
1.1846,0.0004,0.6790,1.0623,0.3438
1.7384,0.0004,0.6587,1.4907,0.3249
1.0052,0.0004,0.8671,1.3860,0.3249
1.2816,0.0004,0.6355,1.2847,0.3439
1.5100,0.0004,0.6043,1.3268,0.3468
2.0939,0.0006,0.6437,1.7229,0.3469
1.3903,0.0006,1.1718,1.5483,0.3426
1.1320,0.0004,1.4015,1.2676,0.5310
1.4620,0.0004,0.7344,1.6480,0.3414
0.8586,0.0004,0.6437,0.8523,0.3414
1.4233,0.0004,0.6346,1.2376,0.3509
1.9612,0.0004,0.6432,2.1037,0.3380
1.8420,0.0004,0.6897,1.7927,0.3617
1.3410,0.0005,0.7068,1.3636,0.3289
1.2945,0.0004,0.6718,1.0834,0.3428
1.4094,0.0006,0.7077,1.5173,0.3428
1.4801,0.0005,0.9566,1.5886,0.3482
1.8398,0.0005,0.8883,1.8103,0.3738
1.7667,0.0006,0.7744,1.3372,0.3738
1.1757,0.0006,0.9601,1.6331,0.3742
1.4966,0.0005,0.9845,1.0438,0.3439
1.7751,0.0005,0.7654,2.2234,0.3545
1.1786,0.0004,0.6398,1.1164,0.3545
1.4901,0.0004,0.7100,1.1830,0.3388
1.1581,0.0003,0.7279,1.5326,0.3502
1.1312,0.0008,0.5925,1.1282,0.3499
2.1076,0.0005,0.6055,2.0457,0.3541
1.4155,0.0005,0.7882,1.3301,0.3311
1.4268,0.0004,0.9958,1.5273,0.3311
1.4302,0.0004,0.6938,1.2086,0.3527
1.8105,0.0005,0.8243,1.6129,0.3588
1.4283,0.0004,0.9079,1.6694,0.3588
1.9505,0.0004,0.7020,2.0136,0.3550
1.2007,0.0004,0.7924,1.2443,0.3373
1.0789,0.0004,0.9561,1.0395,0.3373
1.6033,0.0005,0.6330,1.6943,0.3438
1.7852,0.0005,0.6659,1.3437,0.3662
1.6522,0.0005,0.8578,2.0877,0.3487
1.1816,0.0005,0.6827,1.0629,0.3448
1.1560,0.0005,0.7729,1.2419,0.3448
1.3622,0.0004,0.7755,1.3101,0.3679
1.6845,0.0005,0.8157,1.6608,0.3883
1.6031,0.0006,0.7835,1.6286,0.3439
1.1922,0.0004,0.7596,1.0545,0.3439
1.4489,0.0005,0.7477,1.4273,0.3469
1.9016,0.0004,0.6742,2.0672,0.3484
1.2139,0.0005,0.7185,1.1254,0.3416
1.8154,0.0004,0.9261,1.8687,0.3369
1.6072,0.0004,0.8188,1.6188,0.3322
1.1645,0.0004,0.7117,0.9569,0.3322
1.2485,0.0005,0.7627,1.1846,0.3495
1.8193,0.0007,0.9863,1.9763,0.3330
1.6186,0.0005,0.9154,1.6542,0.3992
1.2479,0.0007,0.7205,1.2552,0.3992
1.5347,0.0006,0.6318,1.5503,0.3420
1.2095,0.0004,0.7149,1.1913,0.3468
1.4889,0.0004,0.6385,1.4723,0.3452
1.0986,0.0003,0.6285,0.8959,0.3452
1.5571,0.0003,0.8008,1.7041,0.3581
0.9937,0.0004,0.6741,0.8533,0.3581
1.3362,0.0005,0.5818,1.4055,0.3529
1.2416,0.0004,0.6312,1.3612,0.3600
1.2566,0.0005,0.6991,1.1128,0.3457
1.6663,0.0005,0.6497,1.5593,0.3587
1.3025,0.0004,0.8944,1.4908,0.3608
1.0684,0.0005,0.8068,1.0958,0.3405
1.4383,0.0005,0.7220,1.3870,0.3567
1.0495,0.0004,0.9117,1.0549,0.3567
1.3498,0.0004,0.8288,1.2123,0.3485
1.4333,0.0005,0.6895,1.5081,0.3536
1.5665,0.0004,0.7388,1.5744,0.3660
0.9411,0.0004,0.7741,0.9869,0.3453
1.1892,0.0003,0.7050,1.0227,0.3453
1.3299,0.0004,0.7832,1.4548,0.3534
1.2859,0.0003,0.6591,1.3137,0.3491
1.4794,0.0004,0.7837,1.5007,0.3611
1.0870,0.0004,0.7872,1.0674,0.3495
1.6018,0.0005,0.8117,1.3446,0.5273
1.3918,0.0003,0.9015,1.5530,0.3710
1.3086,0.0003,0.6810,1.4184,0.3525
1.4840,0.0005,0.6454,1.4773,0.3478
1.1419,0.0004,0.6758,1.0085,0.3478
1.6143,0.0006,0.7091,1.4021,0.3638
1.3295,0.0004,0.8171,1.6705,0.3638
1.3987,0.0005,0.6153,1.2869,0.3629
1.5740,0.0003,0.6341,1.6717,0.3555
1.2158,0.0004,0.6361,1.1011,0.3544
1.0226,0.0003,0.8313,0.9844,0.3544
1.6383,0.0006,0.9327,1.3563,0.3550
1.5507,0.0006,1.4525,1.4269,0.5359
1.3724,0.0004,1.5205,1.8601,0.3681
1.2197,0.0004,0.9259,1.1600,0.3681
1.3975,0.0003,0.6545,1.4866,0.3488
1.0850,0.0004,0.7087,1.0928,0.3536
1.1315,0.0003,1.0162,1.1383,0.3549
1.2051,0.0005,0.5969,1.1110,0.3357
1.3714,0.0004,0.7096,1.1615,0.3413
1.3781,0.0005,0.7672,1.3602,0.3644
1.1652,0.0005,0.7312,1.3779,0.3644
1.3407,0.0004,0.5743,1.4289,0.3528
1.4675,0.0004,0.6131,1.1235,0.3514
1.3544,0.0004,0.8293,1.6226,0.3514
1.4316,0.0005,1.0124,1.2879,0.3721
1.7101,0.0005,0.7014,1.3828,0.3453
1.6302,0.0005,0.8662,1.8222,0.3453
1.6181,0.0004,0.7273,1.7917,0.3406
1.0751,0.0004,0.8584,1.2101,0.3602
1.2483,0.0004,0.8511,1.0307,0.3661
1.3650,0.0004,0.9140,1.1842,0.3661
1.2662,0.0006,0.9415,1.6561,0.3529
1.6387,0.0005,0.6990,1.1805,0.3460
1.8372,0.0004,0.8347,2.1673,0.3503
1.1035,0.0006,0.9176,1.1807,0.3503
1.2231,0.0004,0.7370,1.2130,0.3450
1.6242,0.0005,0.7786,1.5102,0.3724
1.1369,0.0004,0.8538,1.2683,0.3559
1.4029,0.0004,1.0904,1.3900,0.3586
1.5412,0.0004,0.7547,1.1719,0.3344
1.0527,0.0005,0.8536,1.3134,0.3344
1.1572,0.0004,1.0468,1.0990,0.3484
1.3432,0.0005,0.7860,1.4423,0.3498
1.1772,0.0004,0.7556,1.0610,0.3534
1.5124,0.0005,0.7635,1.6808,0.3547
1.4317,0.0005,0.6198,1.1099,0.3428
1.0571,0.0004,0.8871,1.3482,0.3428
2.2330,0.0006,1.1123,1.7711,0.3691
0.8902,0.0005,1.3266,1.2630,0.3988
1.1019,0.0007,0.8045,1.1725,0.3988
1.6817,0.0006,0.6704,1.6614,0.3504
1.1105,0.0004,0.7167,0.9830,0.3450
1.1479,0.0003,0.8178,1.2815,0.3427
1.6000,0.0005,0.7506,1.1126,0.3362
1.1199,0.0004,0.8488,1.4496,0.3362
1.4953,0.0005,0.6380,1.4651,0.3429
0.7691,0.0005,0.7675,0.8586,0.3422
1.2302,0.0004,0.6840,1.0790,0.3545
1.4930,0.0004,0.7328,1.7154,0.3585
1.0919,0.0004,0.6031,1.0951,0.3585
1.5321,0.0007,0.5965,1.3317,0.3432
2.0237,0.0009,0.9540,1.9857,0.3727
1.1177,0.0005,1.4005,1.2242,0.3386
0.9166,0.0004,0.8130,1.0212,0.3386
1.6239,0.0005,0.6442,1.5072,0.3491
1.2797,0.0004,0.7465,1.2559,0.3431
0.9910,0.0004,0.9417,1.0339,0.3431
1.5055,0.0003,0.8703,1.2993,0.3467
1.1556,0.0004,0.9167,1.4418,0.3467
1.6059,0.0004,0.8578,1.5828,0.3561
1.2709,0.0004,0.7494,1.0916,0.3561
1.2995,0.0004,0.6291,1.4718,0.3444
1.5766,0.0006,0.6390,1.4899,0.3491
1.6752,0.0005,0.8558,1.7171,0.3735
1.2461,0.0005,0.9238,1.2791,0.3818
1.2980,0.0003,0.8539,1.2242,0.3583
1.6597,0.0004,0.6573,1.6273,0.3469
1.3983,0.0004,0.7888,1.5077,0.3528
1.1625,0.0004,0.7165,1.1768,0.3528
1.4941,0.0003,0.5947,1.3971,0.3686
1.6575,0.0004,0.6880,1.6711,0.3699
1.4883,0.0003,0.6643,1.3559,0.3368
1.3345,0.0004,0.6440,1.4114,0.3499
1.4833,0.0004,0.7950,1.2515,0.3499
1.4854,0.0005,0.9705,1.7519,0.3289
1.4737,0.0006,0.8813,1.4625,0.3596
1.9177,0.0006,0.8215,1.9292,0.3626
1.2315,0.0005,0.7218,1.1912,0.3626
1.7106,0.0004,0.7294,1.4026,0.3455
1.7133,0.0004,0.8739,1.9453,0.3403
1.5906,0.0004,0.7153,1.5047,0.3539
1.8089,0.0004,0.6750,2.0275,0.3487
1.9098,0.0006,0.8430,1.7957,0.3619
1.1463,0.0004,0.7176,0.9323,0.3619
2.0534,0.0005,0.7095,1.8349,0.3452
1.7466,0.0005,0.7974,2.1873,0.3730
0.8860,0.0004,0.8625,0.9554,0.3730
1.7107,0.0004,0.7663,1.6530,0.3480
1.5903,0.0004,0.8013,1.6397,0.3390
1.6923,0.0004,0.6613,1.6739,0.3436
1.1220,0.0006,0.7454,1.0072,0.3436
1.3333,0.0003,0.6985,1.4587,0.3542
1.7973,0.0007,0.7894,1.6882,0.3597
1.1440,0.0005,0.7626,1.0437,0.3597
2.0377,0.0006,0.9708,1.9942,0.3535
1.4278,0.0006,0.9993,1.5023,0.3845
1.4617,0.0006,1.6376,1.2305,0.3679
1.8622,0.0005,1.1509,2.1946,0.3489
1.2883,0.0007,0.6963,0.9547,0.3489
2.1874,0.0007,0.8595,2.4052,0.3405
1.2689,0.0005,0.9104,1.3113,0.3405
1.4319,0.0004,0.7612,1.4991,0.3608
1.7536,0.0005,0.6654,1.6412,0.3466
2.0917,0.0007,0.8125,1.9947,0.3382
1.2200,0.0005,0.9190,1.3992,0.3462
1.7375,0.0004,0.7181,1.4255,0.3462
2.1275,0.0004,0.7722,2.3548,0.3525
1.9656,0.0005,0.8690,1.9914,0.3671
1.6079,0.0006,0.7778,1.6252,0.3470
1.6075,0.0005,0.7021,1.1355,0.3470
1.7048,0.0004,0.6924,1.9788,0.3496
1.7371,0.0179,0.8333,1.5648,0.3420
1.5980,0.0006,0.8690,1.4511,0.3465
1.6106,0.0004,1.0608,2.0611,0.3609
0.9833,0.0006,0.8423,0.9885,0.3609
1.9801,0.0007,0.6527,1.9164,0.3519
1.7329,0.0008,0.8384,1.5195,0.3629
1.3925,0.0005,1.0276,1.5484,0.3586
1.9171,0.0004,0.8135,1.5631,0.3421
1.6732,0.0005,1.1204,1.9956,0.3409
1.7308,0.0004,0.8354,1.6369,0.3527
1.7109,0.0005,0.8465,1.7256,0.3421
1.5814,0.0004,0.9708,1.7912,0.3620
1.7380,0.0004,0.9055,1.6973,0.3725
1.4569,0.0004,0.8219,1.4361,0.3597
1.5553,0.0005,0.8722,1.5397,0.3597
1.5207,0.0004,0.7764,1.0539,0.9888
1.5251,0.0005,0.9062,1.9802,0.9888
1.6374,0.0005,0.7343,1.5942,0.3393
1.2526,0.0004,0.7861,1.3478,0.3393
1.5627,0.0003,0.7188,1.3101,0.3445
1.5206,0.0005,0.7006,1.4754,0.3470
1.7782,0.0005,0.7798,2.0158,0.3375
1.5689,0.0004,0.7923,1.4930,0.3375
1.4668,0.0003,0.7535,1.5720,0.3641
1.7124,0.0005,0.6191,1.2406,0.3381
1.3773,0.0006,0.9158,1.7800,0.3381
1.8588,0.0006,0.7979,1.8172,0.3899
1.1225,0.0006,0.8331,1.1660,0.3456
1.6052,0.0004,0.7239,1.6113,0.3515
1.3418,0.0005,0.6290,1.2005,0.3515
1.9362,0.0007,0.6414,1.8762,0.3468
2.1648,0.0010,0.7420,1.8141,0.3446
1.9618,0.0006,1.0473,2.4064,0.3619
1.3650,0.0005,0.9602,1.0440,0.3412
1.0973,0.0004,0.7763,1.5288,0.3412
1.7400,0.0004,0.5951,1.7070,0.3424
1.5459,0.0004,0.6653,1.3338,0.3778
1.5757,0.0005,0.7273,1.6129,0.3418
1.8035,0.0005,0.7032,1.9806,0.3494
1.4420,0.0005,0.6637,1.1398,0.3418
1.7007,0.0005,0.7625,1.9627,0.3458
1.5326,0.0005,0.6938,1.2359,0.3458
2.0210,0.0007,0.7459,2.1374,0.3445
1.7946,0.0006,0.9820,1.9371,0.3474
1.4061,0.0003,0.7975,1.2008,0.3474
2.1984,0.0005,0.8267,2.3678,0.3628
1.4436,0.0004,0.7993,1.4669,0.3503
1.4132,0.0004,0.8022,1.4228,0.3461
1.4078,0.0004,0.7730,1.3425,0.3461
1.4914,0.0003,0.8755,1.4146,0.3463
2.1972,0.0004,0.6525,2.3074,0.3602
1.3679,0.0003,0.6806,1.4215,0.3446
1.8404,0.0003,0.6207,1.7704,0.3491
1.1472,0.0004,0.6474,1.0927,0.3491
1.7712,0.0003,0.7258,1.8360,0.3389
1.4816,0.0005,0.6429,1.3945,0.3389
1.6445,0.0004,0.8604,1.4650,0.3569
1.5804,0.0008,0.8037,1.5327,0.3628
1.6476,0.0004,0.8503,1.5645,0.3451
1.3360,0.0003,0.7593,1.6715,0.3451
1.8082,0.0004,0.6991,1.8374,0.3525
1.4555,0.0003,0.6706,1.2618,0.3361
1.7622,0.0004,0.6553,1.9394,0.3658
1.6801,0.0004,0.6184,1.0886,0.3401
1.0892,0.0003,0.7329,1.6859,0.3401
1.6046,0.0004,0.5890,1.6061,0.3446
1.0962,0.0003,0.5844,0.9466,0.3446
2.2110,0.0005,0.7957,2.2014,0.3699
1.3788,0.0005,1.0489,1.0890,0.3569
1.8817,0.0004,0.9554,2.2511,0.3499
1.4903,0.0004,1.1123,1.5184,0.3499
1.2554,0.0005,0.7605,1.2526,0.3500
1.3278,0.0004,0.8060,1.2198,0.3413
1.2529,0.0004,0.6636,1.3696,0.3351
1.6439,0.0004,0.6131,1.2529,0.3530
1.6628,0.0005,0.7733,2.0016,0.3447
1.8383,0.0006,0.6574,1.7728,0.3603
0.9921,0.0003,0.7246,1.0540,0.3603
1.8434,0.0004,0.7033,1.6637,0.3601
1.6124,0.0005,0.8681,1.4305,0.3420
1.0947,0.0004,1.0014,1.3327,0.3420
1.8364,0.0004,0.6840,1.7926,0.3522
1.4885,0.0005,0.6699,1.4730,0.3420
1.3501,0.0004,0.8348,1.3421,0.3403
1.7348,0.0004,0.9746,1.9136,0.3403
1.8772,0.0005,0.6247,1.8324,0.3539
1.2423,0.0005,0.7241,1.2721,0.3539
1.3641,0.0005,0.7205,1.1533,0.3632
1.9058,0.0007,0.6497,2.0021,0.5667
1.9172,0.0005,0.8125,1.6320,0.3721
1.1787,0.0004,1.2169,1.5260,0.3721
1.5262,0.0004,0.7764,1.3467,0.3816
1.8571,0.0004,0.6440,2.0176,0.3367
1.7591,0.0003,0.6057,1.7485,0.3530
1.2541,0.0004,0.7370,0.9390,0.3530
1.6759,0.0006,0.7662,1.7378,0.3483
1.7799,0.0006,0.5963,2.0244,0.3423
1.6054,0.0003,0.6273,1.6116,0.3376
1.3266,0.0005,0.6749,1.2032,0.3410
1.5380,0.0005,0.8005,1.4209,0.3542
1.6131,0.0005,1.1892,1.5186,0.3623
1.9233,0.0005,0.7121,2.2032,0.3314
1.3550,0.0004,0.6814,1.3863,0.3585
1.5614,0.0004,0.6418,1.4788,0.3585
1.4905,0.0004,0.6876,1.3706,0.3438
1.5293,0.0005,0.7641,1.3919,0.3433
1.4065,0.0005,0.8629,1.3247,0.3433
1.7299,0.0004,0.8844,2.1047,0.3505
1.5075,0.0004,0.6664,1.4243,0.3475
2.0215,0.0006,0.7407,1.9946,0.3602
1.0353,0.0004,1.0047,0.9348,0.3602
1.5240,0.0372,0.8630,1.5756,0.3563
0.9675,0.0004,0.8636,1.0525,0.3563
1.2941,0.0003,0.8022,1.2056,0.3479
1.3211,0.0004,0.6215,1.3721,0.3407
1.3898,0.0004,0.6494,1.2920,0.3688
1.1900,0.0004,0.8999,1.1412,0.3480
0.8986,0.0004,1.0558,1.0498,0.3480
1.4275,0.0004,0.6185,1.4415,0.3625
1.2021,0.0006,0.6335,1.2501,0.3456
1.2904,0.0004,0.7894,1.2833,0.3522
1.6759,0.0005,0.6187,1.6216,0.3497
1.4906,0.0004,1.0081,1.1779,0.3568
1.5754,0.0004,1.4044,1.8136,0.3599
1.2490,0.0005,0.7758,1.3510,0.3599
1.4400,0.0005,0.6243,1.0895,0.3382
1.0594,0.0004,0.7508,1.2940,0.3382
1.4315,0.0003,0.6359,1.3204,0.3561
1.5120,0.0004,0.6345,1.5059,0.3454
1.3617,0.0003,0.6196,1.5633,0.3444
1.3302,0.0004,0.5932,1.3422,0.3651
1.2234,0.0005,0.6782,1.1358,0.3651
1.8949,0.0005,0.6956,1.9596,0.3482
1.0014,0.0007,0.6918,0.9124,0.3482
1.6552,0.0006,0.8350,1.4024,0.3501
1.5032,0.0006,1.2062,1.6023,0.4143
1.3970,0.0005,0.7647,1.3866,0.3736
1.5559,0.0005,0.7450,1.5691,0.3568
1.3440,0.0003,0.6658,1.5382,0.3475
1.3225,0.0003,0.6501,1.3437,0.3445
1.5935,0.0004,0.6192,1.5625,0.3528
1.2412,0.0003,0.6624,1.0248,0.3528
1.4728,0.0003,0.7034,1.3764,0.3600
1.3280,0.0004,0.7810,1.6160,0.3600
1.1967,0.0004,0.9584,1.1259,0.3539
1.2778,0.0006,0.9115,1.1856,0.3563
1.5135,0.0006,0.7510,1.5220,0.3521
1.7779,0.0006,0.7223,1.9182,0.3661
1.2667,0.0005,0.7510,0.9175,0.3485
1.2474,0.0005,0.8557,1.4066,0.3485
1.6024,0.0004,0.6423,1.6280,0.3454
1.4430,0.0004,0.6797,1.3358,0.3487
1.6227,0.0005,0.6378,1.7426,0.3564
0.9071,0.0004,0.7865,1.0535,0.3564
1.2785,0.0004,0.6505,1.0917,0.3390
1.3006,0.0005,0.6431,1.4238,0.3609
1.2186,0.0004,0.6556,1.2296,0.3605
1.6774,0.0005,0.6486,1.2331,0.3632
2.0893,0.0009,0.8900,2.2924,0.3624
0.8403,0.0003,1.0395,0.8873,0.3497
1.4116,0.0003,0.7750,1.5997,0.3499
1.1882,0.0003,0.6345,1.0856,0.3433
1.2519,0.0003,0.7564,0.9826,0.3407
1.1130,0.0003,0.8372,1.4000,0.3407
1.2879,0.0003,0.7852,1.3747,0.3528
1.6173,0.0005,0.5842,1.6168,0.3419
1.0415,0.0004,0.6152,0.9087,0.3419
1.3929,0.0004,0.7661,1.1966,0.3455
0.9495,0.0005,0.7170,1.2689,0.3455
1.4318,0.0004,0.6112,1.0593,0.3342
1.5433,0.0006,0.8301,1.4322,0.3342
1.9988,0.0005,1.4659,2.3845,0.3710
1.3011,0.0004,1.0397,1.3014,0.3483
0.9025,0.0004,0.7330,0.9560,0.3483
1.4514,0.0005,0.7615,1.1361,0.3547
1.4217,0.0005,1.0101,1.7238,0.3584
1.6921,0.0005,0.7859,1.6799,0.3638
1.2113,0.0004,0.6868,1.0440,0.3638
1.3428,0.0004,0.6928,1.5151,0.3582
1.4689,0.0003,0.6269,1.2503,0.3386
1.4573,0.0005,0.6659,1.5830,0.3387
1.4977,0.0003,0.6704,1.5775,0.3573
1.5551,0.0004,0.6451,1.3390,0.3625
1.8220,0.0005,0.8898,1.9931,0.3568
1.2321,0.0005,1.0308,1.1647,0.3568
1.4803,0.0005,0.6909,1.5644,0.3604
1.3533,0.0005,0.7889,1.3604,0.3604
1.7091,0.0006,0.6322,1.2848,0.3437
1.6247,0.0006,0.9132,2.0263,0.3721
1.1401,0.0006,1.0439,0.7862,0.3721
1.6471,0.0005,0.6578,1.8399,0.3604
1.7056,0.0004,0.7720,1.8469,0.3692
1.0916,0.0004,0.6523,1.0515,0.3692
1.7762,0.0005,0.6393,1.4509,0.3596
1.8309,0.0006,0.8161,2.1552,0.3558
1.1604,0.0006,0.7747,1.1781,0.3558
1.2651,0.0005,0.6597,1.2756,0.3536
1.1409,0.0003,0.6437,1.1258,0.3595
1.3512,0.0004,0.6833,1.3382,0.3330
1.3341,0.0004,0.6509,1.2094,0.3404
1.3472,0.0004,0.6218,1.2853,0.3485
0.7840,0.0003,0.8482,0.9708,0.3485
1.5494,0.0004,0.6386,1.2310,0.3452
0.9142,0.0004,0.7682,1.2116,0.3452
1.3162,0.0004,0.7546,1.0174,0.3411
0.9513,0.0003,0.7474,1.2550,0.3411
1.5216,0.0005,0.7878,1.2126,0.3529
1.7428,0.0005,0.7773,1.7777,0.3712
1.2914,0.0004,1.1148,1.1939,0.3478
1.2813,0.0004,0.9407,1.5293,0.3512
1.2668,0.0006,0.9806,1.3375,0.3512
1.2380,0.0005,0.7608,1.0347,0.3596
1.5701,0.0004,0.6620,1.5935,0.3449
0.8919,0.0004,0.8265,0.9916,0.3449
1.3782,0.0003,0.6394,1.3005,0.3476
1.2157,0.0003,0.7680,1.2415,0.3602
1.2238,0.0004,0.7678,1.3454,0.3602
1.1183,0.0006,0.7867,1.0626,0.3406
1.3611,0.0005,0.8061,1.1265,0.3506
1.5633,0.0006,1.1891,1.7754,0.3506
1.5214,0.0004,0.8804,1.4141,0.3899
1.5142,0.0004,0.7843,1.4696,0.3608
1.0023,0.0004,0.9142,0.9813,0.3525
1.2679,0.0004,0.9578,1.4639,0.3525
1.2142,0.0005,0.6616,1.1546,0.3629
1.2300,0.0004,0.7400,1.2420,0.3550
1.3665,0.0004,0.6985,1.3692,0.3562
1.2749,0.0004,0.6433,1.2028,0.3680
1.5500,0.0008,0.7498,1.3639,0.3455
1.4365,0.0004,0.8134,1.5160,0.3541
1.3285,0.0004,0.7671,1.5336,0.3412
1.3484,0.0009,0.8680,1.2957,0.3412
1.5935,0.0006,1.2276,1.3652,0.5486
1.3315,0.0004,1.1920,1.4724,0.3947
1.7248,0.0005,0.7560,1.5095,0.3548
1.3928,0.0005,0.9264,1.4292,0.3494
1.1234,0.0004,1.0452,1.3711,0.3494
1.4988,0.0004,0.6432,1.2730,0.3487
1.1121,0.0004,0.8030,1.2793,0.3487
1.2482,0.0004,0.6018,1.1996,0.3647
1.4767,0.0005,0.6666,1.4427,0.3432
2.2973,0.0008,0.6227,2.3831,0.3354
1.8263,0.0006,0.7818,1.8285,0.3652
1.4329,0.0004,0.9230,1.5018,0.3652
1.6648,0.0005,0.8051,1.5278,0.3643
1.4511,0.0004,0.7925,1.5571,0.3582
1.2281,0.0005,0.7254,1.0420,0.3544
1.2065,0.0003,1.0777,0.9572,0.3544
1.6877,0.0005,0.7631,2.0917,0.3486
1.9194,0.0004,0.6090,1.9204,0.3487
0.9372,0.0005,0.8445,0.9683,0.3487
1.4463,0.0180,0.7132,1.1863,0.3536
1.8463,0.0004,0.7260,2.0704,0.3462
1.1650,0.0004,0.8267,1.1050,0.3462
1.9532,0.0007,0.7478,1.6620,0.3525
2.2542,0.0004,0.9661,2.5486,0.3514
0.9450,0.0005,1.0463,0.7787,0.3514
1.5998,0.0003,0.9799,1.7760,0.3424
1.8869,0.0006,0.7302,1.8543,0.3418
1.7441,0.0005,0.7068,1.6858,0.3418
1.5276,0.0004,0.8531,1.6003,0.3457
1.6271,0.0004,0.7408,1.6187,0.3629
1.1629,0.0005,0.6332,1.0172,0.3629
1.4077,0.0005,0.6528,1.5020,0.3374
1.8542,0.0007,0.6601,1.7144,0.3535
15.4127,0.0008,14.7665,1.7023,0.3576
1.2754,0.0008,1.3035,1.6861,0.3576
1.6644,0.0005,1.5269,1.6884,0.3488
1.0774,0.0005,1.1991,1.2491,0.3488
1.1400,0.0004,0.9540,1.0918,0.3582
1.5283,0.0004,1.0451,1.6098,0.3646
1.4284,0.0005,0.7518,1.3121,0.3486
1.6051,0.0004,0.7956,1.7869,0.3486
1.2980,0.0004,0.6428,1.2291,0.3487
1.6084,0.0005,0.6587,1.3386,0.3661
1.5003,0.0006,0.8153,1.7755,0.3546
1.5807,0.0005,0.9749,1.5930,0.3546
2.0147,0.0007,0.8215,1.9372,0.3579
1.3865,0.0008,1.0959,1.4434,0.6110
1.7324,0.0004,0.8105,1.7583,0.3889
1.3544,0.0004,0.7324,1.1741,0.3315
2.2264,0.0005,0.6336,2.2935,0.3418
1.5168,0.0004,0.7744,1.6068,0.3499
1.0430,0.0003,0.6581,1.0710,0.3499
1.3370,0.0004,0.6722,1.3133,0.3477
1.4200,0.0005,0.7086,1.4187,0.3629
1.3501,0.0004,0.8001,1.3397,0.3359
1.4232,0.0004,0.7802,1.3238,0.3493
1.5231,0.0005,0.7558,1.5520,0.3493
2.3221,0.0005,0.8220,2.0772,0.3856
1.1457,0.0006,1.2036,0.8864,0.3668
1.1341,0.0004,0.9828,1.6130,0.3668
1.6283,0.0005,0.6548,1.6166,0.3468
1.2038,0.0003,0.6763,1.2394,0.3468
1.5496,0.0003,0.6236,1.5134,0.3411
1.4522,0.0003,0.6385,1.2609,0.3616
1.1658,0.0005,0.7180,1.3824,0.3405
1.6226,0.0003,0.7016,1.5233,0.3506
1.8235,0.0003,0.6482,1.8951,0.3512
1.5334,0.0003,0.6607,1.4936,0.3512
1.5019,0.0004,0.8460,1.1803,0.3732
1.8227,0.0006,1.0437,2.0076,0.3726
1.9971,0.0007,1.0868,2.0573,0.3422
1.7118,0.0008,0.9809,1.6707,0.3422
1.8789,0.0006,1.1650,1.7770,0.3595
1.8923,0.0007,0.9904,2.0504,0.3446
1.3647,0.0007,1.3996,1.2852,0.3446
2.3059,0.0007,1.1213,1.9345,0.3602
1.7284,0.0008,1.1481,1.9960,0.3477
2.0225,0.0008,0.9692,1.6670,0.3750
1.2163,0.0007,1.4562,1.7400,0.3562
1.8005,0.0007,0.8361,1.7889,0.3477
1.6600,0.0006,0.7814,1.6559,0.3482
1.6014,0.0003,0.8443,1.6296,0.3482
1.7716,0.0004,0.7875,1.6128,0.3474
1.3563,0.0004,0.9409,1.1706,0.3391
1.5419,0.0005,0.9752,1.7234,0.3453
1.5819,0.0012,0.9726,1.6957,0.3439
1.5892,0.0005,0.7486,1.5722,0.3439
1.5076,0.0007,0.7918,1.3608,0.3427
1.9785,0.0006,1.2643,2.1209,0.8636
2.2670,0.0007,1.0730,2.1216,0.3396
1.3928,0.0005,1.0578,1.2059,0.3396
1.5434,0.0006,0.8287,1.5582,0.3385
1.9039,0.0007,1.0645,2.1514,0.3397
1.3901,0.0008,0.8383,1.0391,0.3382
1.9634,0.0006,0.8349,2.3359,0.3322
1.6891,0.0009,0.7415,1.6711,0.3322
1.9730,0.0009,0.8506,1.8959,0.3637
1.5703,0.0009,1.1397,1.5774,0.3637
1.8787,0.0009,1.1175,1.8733,0.3479
1.6065,0.0006,1.3008,1.6576,0.3479
1.5503,0.0004,0.9547,1.5557,0.3478
1.5977,0.0005,0.7521,1.3586,0.3443
2.2108,0.0155,0.9070,2.2902,0.3645
1.6515,0.0009,1.0629,1.6654,0.3585
1.3765,0.0004,0.9848,1.3501,0.3422
2.1883,0.0005,0.9448,2.0662,0.3453
1.5517,0.0006,1.0706,1.7552,0.5356
1.3809,0.0006,1.3569,1.3840,0.5356
2.0168,0.0005,1.1047,1.9597,0.3615
1.5373,0.0006,0.8706,1.1029,0.3615
1.7482,0.0005,1.0809,2.2539,0.3468
2.1459,0.0006,0.8411,1.8108,0.3550
1.5582,0.0004,0.9307,1.8055,0.3550
1.9307,0.0004,0.7619,1.9422,0.3445
1.5266,0.0004,0.8661,1.0835,0.3531
1.7884,0.0006,0.9065,2.2555,0.3473
1.5993,0.0007,1.0170,1.1244,0.3990
0.9895,0.0005,1.5357,1.4768,0.3990
1.9681,0.0005,0.8396,1.9732,0.3658
1.3447,0.0005,0.8275,1.3646,0.3654
1.5111,0.0006,0.6490,1.1378,0.3654
1.8916,0.0005,0.9457,2.2054,0.3526
1.4036,0.0004,0.9099,1.1264,0.3518
1.8666,0.0007,0.8499,2.0987,0.3373
1.9284,0.0009,0.8967,1.9291,0.3462
1.2727,0.0005,0.9456,1.1270,0.3462
1.7067,0.0006,0.7296,1.8288,0.3365
1.5170,0.0005,0.8877,1.0822,0.3447
1.6450,0.0003,1.1640,2.1031,0.3472
1.6648,0.0005,0.9438,1.5458,0.3664
1.3533,0.0005,0.8509,1.4506,0.3540
1.7106,0.0005,0.9422,1.7259,0.3584
1.3997,0.0003,0.7569,1.4249,0.3584
1.3649,0.0004,0.6743,1.3355,0.3409
1.6986,0.0004,0.6946,1.6624,0.3428
1.4830,0.0004,0.7463,1.5001,0.3428
1.7550,0.0005,0.6826,1.5174,0.3418
1.9955,0.0009,0.8388,2.1276,0.3807
1.4954,0.0004,1.0331,1.4484,0.3650
1.3143,0.0004,0.9834,1.1736,0.3650
1.6617,0.0005,1.0336,1.7732,0.3445
1.3928,0.0004,1.1345,1.4082,0.3399
1.6315,0.0005,0.8198,1.7353,0.3400
1.8082,0.0005,0.8213,1.7270,0.3519
1.6260,0.0006,0.9025,1.3323,0.3432
1.6039,0.0004,0.7822,1.7362,0.3409
1.8477,0.0006,0.8390,1.5878,0.3480
2.1006,0.0009,0.9934,2.4806,0.3480
1.3531,0.0006,0.9639,1.4373,0.3737
1.8073,0.0005,0.7978,1.7454,0.3339
1.5319,0.0005,0.7381,1.5278,0.3339
1.8876,0.0006,0.8481,1.9027,0.3436
1.5410,0.0007,0.9188,1.4805,0.3436
1.3894,0.0005,0.9132,1.4798,0.3546
1.8642,0.0006,0.7152,1.8588,0.3477
1.5315,0.0005,0.7915,1.4401,0.3586
1.3477,0.0006,0.7515,1.3197,0.3586
1.4035,0.0005,0.8246,1.4408,0.3489
1.9916,0.0008,0.8342,1.9372,0.3607
1.7937,0.0007,0.9818,1.4164,0.3636
1.5772,0.0005,1.0517,1.7598,0.3581
1.9438,0.0004,0.8651,2.2077,0.3415
1.9779,0.0005,0.8121,1.9149,0.3580
1.2994,0.0004,0.8324,1.3503,0.3580
1.4733,0.0004,0.8185,1.2882,0.3358
1.6600,0.0005,0.8322,1.6174,0.3623
2.1626,0.0008,0.9354,2.2055,0.3393
1.5027,0.0005,0.9522,1.6145,0.3393
1.2703,0.0007,1.1771,1.3027,0.3774
1.5050,0.0005,0.8215,1.2355,0.3509
1.3636,0.0005,1.2020,1.4572,0.3556
1.2867,0.0006,0.8537,1.4404,0.3556
1.4834,0.0005,0.7369,1.3310,0.3548
1.2492,0.0005,0.8726,1.3949,0.3465
1.4427,0.0005,0.9287,1.3766,0.3478
1.7286,0.0005,0.6995,1.7732,0.3470
1.1180,0.0004,0.7468,1.0501,0.3470
1.4470,0.0004,0.7716,1.3508,0.3533
1.5126,0.0008,0.7639,1.5797,0.3457
1.7619,0.0007,0.9640,1.3739,0.3757
1.7362,0.0008,1.3080,1.9997,0.3757
1.2265,0.0007,1.0933,1.2756,0.3490
1.4844,0.0006,0.9537,1.6406,0.3490
1.5631,0.0007,0.7657,1.5544,0.3447
1.3647,0.0005,0.7754,1.2242,0.3447
1.6794,0.0005,0.7666,1.8050,0.3529
1.1470,0.0005,0.6528,1.1250,0.3653
1.1858,0.0004,0.6647,1.1008,0.3653
1.6137,0.0004,0.7287,1.4826,0.3463
1.4635,0.0004,0.7716,1.6062,0.3488
2.1024,0.0008,0.8037,1.8609,0.3748
1.9910,0.0007,1.2438,2.2382,0.3583
1.2825,0.0006,1.1926,1.3210,0.3518
1.5706,0.0005,0.9462,1.1045,0.3518
2.0868,0.0007,0.8115,2.4835,0.3474
1.5246,0.0006,0.9315,1.5585,0.3474
1.1831,0.0008,0.9242,1.0367,0.3488
2.3628,0.0010,0.8878,2.3558,0.3507
1.4607,0.0006,1.1956,1.5881,0.3692
1.3445,0.0007,0.9615,1.3229,0.3692
2.2538,0.0007,1.2081,2.1807,0.3538
1.3423,0.0005,0.9692,1.4164,0.3557
1.6847,0.0004,0.8538,1.6927,0.3403
1.5071,0.0005,0.8796,1.4029,0.3403
1.5658,0.0005,0.8512,1.6705,0.3509
1.5089,0.0005,0.8752,1.1957,0.3483
1.5489,0.0005,0.9967,1.6635,0.3482
1.7348,0.0004,0.7974,1.8919,0.3599
1.2768,0.0004,0.7694,1.1127,0.3331
1.6694,0.0006,0.8796,1.8109,0.3327
1.9304,0.0009,0.7729,1.8355,0.3327
1.8527,0.0007,1.0056,1.9178,0.3419
1.6080,0.0006,0.9163,1.6089,0.3419
1.6435,0.0006,0.7644,1.6717,0.3614
1.4796,0.0007,0.7506,1.3917,0.3544
1.3148,0.0004,0.8214,1.1516,0.3544
1.8162,0.0004,0.6879,2.0758,0.3496
1.3176,0.0003,0.6836,1.3186,0.3346
1.4383,0.0004,0.7176,1.4147,0.3507
1.4323,0.0006,0.7872,1.3324,0.3456
2.1856,0.0006,0.6612,1.8182,0.6710
1.7113,0.0005,1.1912,1.7581,0.3370
1.0646,0.0006,1.3283,1.2340,0.3370
2.2070,0.0006,0.9331,2.3884,0.3451
1.3673,0.0005,0.7998,1.1752,0.3451
1.6163,0.0004,0.9045,1.6552,0.3346
1.7466,0.0004,0.7749,1.5711,0.3476
1.5969,0.0005,0.9926,1.8110,0.3597
1.3685,0.0005,1.0003,1.1627,0.3597
2.1716,0.0005,0.8203,2.4515,0.3345
1.5548,0.0005,0.8206,1.5607,0.3345
1.6570,0.0007,0.7684,1.4886,0.3707
2.1145,0.0005,0.8277,2.1789,0.3728
1.3054,0.0006,0.8201,1.3190,0.3728
1.8313,0.0006,0.8869,1.8971,0.3367
1.5880,0.0005,0.7439,1.5835,0.3367
1.6469,0.0005,0.7447,1.1740,0.3452
2.0103,0.0006,0.8219,2.3004,0.3385
1.7401,0.0004,0.9471,1.8820,0.3385
1.8228,0.0005,0.8415,1.6611,0.3430
2.0076,0.0007,0.9591,2.0610,0.3436
1.8678,0.0007,0.9546,1.9199,0.3583
1.2758,0.0005,0.9558,1.2449,0.3552
1.3842,0.0006,0.9140,1.2154,0.3552
1.9114,0.0005,0.8427,2.1501,0.3516
2.2412,0.0008,0.7258,2.0762,0.3560
1.1098,0.0004,0.9288,1.2785,0.3560
1.5310,0.0005,0.7795,1.3423,0.3364
2.2313,0.0007,0.8237,2.3288,0.3401
1.3377,0.0005,0.7981,0.9625,0.3401
2.1068,0.0010,0.7386,2.4412,0.3607
1.5239,0.0006,1.1235,1.3344,0.3759
1.6868,0.0005,0.8690,1.7120,0.3540
1.2741,0.0004,0.9572,1.5035,0.3515
1.8097,0.0005,0.7493,1.6074,0.3501
1.9615,0.0009,0.7626,2.1311,0.3402
1.3083,0.0010,0.7817,1.1814,0.3402
2.1401,0.0006,0.9106,2.1624,0.3566
1.1961,0.0004,0.9826,0.9138,0.3566
1.4623,0.0004,0.7911,1.8196,0.3434
2.6455,0.0008,0.7143,2.2368,0.3667
1.3043,0.0007,1.3540,1.0409,0.3739
1.2974,0.0004,1.1280,1.9064,0.3739
2.1156,0.0005,0.6975,1.9844,0.3496
0.9704,0.0005,0.8259,1.1101,0.3496
1.8222,0.0005,0.7874,1.7608,0.3540
2.0545,0.0006,0.8942,1.9367,0.3495
1.5867,0.0005,0.8846,1.6921,0.3325
1.6089,0.0005,0.7796,1.2754,0.3325
1.7673,0.0006,1.0467,2.0585,0.3312
1.9316,0.0007,0.8980,1.4440,0.3850
1.4970,0.0006,1.2056,1.9303,0.3850
1.6126,0.0007,0.9615,1.3899,0.3466
2.0243,0.0005,0.8624,2.2009,0.3508
1.6137,0.0005,1.0460,1.7167,0.3508
1.5948,0.0007,0.8967,1.5530,0.3455
1.7512,0.0005,0.8316,1.4945,0.3449
2.0081,0.0005,1.0876,2.2692,0.3643
1.5409,0.0006,0.9961,1.4709,0.3604
1.9823,0.0009,0.9548,1.8319,0.3575
1.3833,0.0008,1.4164,1.5379,0.3596
2.0756,0.0008,0.9957,2.0882,0.3594
1.7153,0.0003,0.8984,1.7485,0.3542
1.7557,0.0004,0.8338,1.7163,0.3535
1.4492,0.0009,0.8626,1.3557,0.3535
1.9845,0.0005,1.3778,1.4634,0.3504
1.8823,0.0007,0.8692,2.3569,0.3499
1.3564,0.0005,0.9857,1.4641,0.3572
1.7805,0.0005,0.8487,1.7466,0.3410
2.0197,0.0006,0.8740,1.9710,0.3698
1.7890,0.0006,0.9827,1.7052,0.3676
1.6377,0.0005,1.0485,1.7740,0.3483
1.6583,0.0008,0.8184,1.3463,0.3483
1.7237,0.0006,1.0715,1.8783,0.3488
2.0791,0.0006,1.0486,2.1721,0.3643
1.8853,0.0007,0.8982,1.7670,0.3680
1.5453,0.0008,1.0381,1.5306,0.3680
1.9079,0.0006,0.9409,1.8711,0.3363
1.7801,0.0007,1.3191,1.9120,0.3492
1.8257,0.0008,1.4739,1.8201,0.3663
1.6089,0.0008,0.9716,1.5996,0.3580
1.5432,0.0006,0.9024,1.5662,0.3580
1.8924,0.0006,1.0941,1.7871,0.3564
1.3919,0.0005,1.0376,1.3739,0.3564
1.6982,0.0007,1.0490,1.7933,0.3625
2.0249,0.0007,0.8663,1.9973,0.3527
1.5512,0.0007,0.9225,1.5411,0.3527
1.4738,0.0007,1.2786,1.4336,0.3516
1.8267,0.0009,0.9644,1.8479,0.3457
1.8582,0.0009,0.9353,1.5282,0.3836
1.6779,0.0007,1.1135,2.0442,0.3836
1.9659,0.0007,0.8491,1.8368,0.3342
1.8385,0.0006,0.9963,1.9729,0.3366
1.6429,0.0006,0.8163,1.6498,0.3300
1.1132,0.0005,0.7754,1.1176,0.3300
1.6216,0.0003,0.6750,1.1044,0.3487
1.6488,0.0006,0.7074,1.8695,0.3382
1.8466,0.0006,0.8753,1.9304,0.3465
1.3430,0.0007,0.8709,1.3242,0.3465
2.1867,0.0009,0.7897,2.1267,0.3647
1.8318,0.0007,1.2085,2.0108,0.3664
1.2452,0.0008,0.8953,1.1783,0.3506
1.5433,0.0005,0.8950,1.3683,0.3506
2.0572,0.0005,0.9503,2.3054,0.3400
1.6490,0.0005,0.9296,1.6422,0.3515
1.5139,0.0004,0.7479,1.5180,0.3515
1.7469,0.0006,0.8298,1.5020,0.3397
2.1087,0.0006,0.9759,2.2625,0.3610
1.4358,0.0007,1.0648,1.3614,0.3610
1.6941,0.0006,1.4774,1.7631,0.3841
1.3727,0.0005,1.2658,0.9668,0.3841
1.5805,0.0005,1.1709,1.7714,0.3404
1.4428,0.0004,1.0049,1.4967,0.3404
2.0962,0.0006,0.7808,2.2750,0.3468
2.0422,0.0006,0.8403,1.9209,0.3513
1.0810,0.0005,0.8968,0.9593,0.3513
1.9283,0.0005,0.8761,1.9305,0.3377
1.4932,0.0004,0.8295,1.7253,0.3377
1.7490,0.0006,0.7445,1.5868,0.3576
1.5713,0.0006,1.0029,1.5021,0.3677
1.7722,0.0006,0.9763,1.8934,0.3639
1.0960,0.0006,0.8988,1.1123,0.3639
1.5650,0.0006,0.8439,1.5173,0.3509
1.6498,0.0004,0.8060,1.6021,0.3509
1.3996,0.0004,0.8080,1.5656,0.3563
1.3711,0.0006,0.9918,1.3736,0.3498
1.7751,0.0005,0.8081,1.7542,0.3490
1.5436,0.0005,0.7167,1.3807,0.3490
1.7042,0.0007,0.8652,1.5290,0.3578
2.1276,0.0005,0.9374,2.0495,0.3632
2.2194,0.0008,1.1407,2.5664,0.3429
1.3012,0.0004,1.1359,1.3108,0.3491
1.2230,0.0006,0.7914,1.1425,0.3491
1.8055,0.0006,0.8347,1.8890,0.3293
1.8844,0.0006,0.8605,1.8494,0.3485
1.5745,0.0005,0.7653,1.4435,0.3383
1.4262,0.0005,0.8630,1.5625,0.3551
1.4208,0.0005,0.9404,1.4434,0.3516
1.7203,0.0010,0.8202,1.1822,0.3516
2.0398,0.0010,1.6085,2.2358,0.3509
2.1544,0.0007,1.1489,2.3947,0.3575
2.0603,0.0006,0.9817,1.9250,0.3458
1.3901,0.0007,1.1770,1.5652,0.3487
1.6243,0.0008,0.7641,1.5745,0.3407
1.1489,0.0008,0.7964,0.9997,0.3407
2.2272,0.0007,0.7503,2.3705,0.3458
1.6622,0.0006,0.7632,1.5252,0.3489
0.9849,0.0005,0.9780,1.0447,0.3489
2.0447,0.0005,0.8891,2.0936,0.3413
1.7506,0.0006,0.9282,1.2803,0.4037
1.7178,0.0006,0.9723,1.9772,0.4037
2.0299,0.0004,0.9002,2.2278,0.3625
1.6411,0.0004,0.7813,1.6694,0.3625
1.6963,0.0004,0.6991,1.3372,0.3413
2.0730,0.0005,0.8613,2.3319,0.3364
1.0732,0.0005,0.8615,0.9124,0.3364
1.6176,0.0004,0.7523,1.8165,0.3502
1.8583,0.0004,0.7355,1.3380,0.3482
1.6884,0.0006,0.6971,2.1703,0.3638
1.6988,0.0005,0.7998,1.2335,0.3764
1.8426,0.0004,1.0141,2.3109,0.3769
1.2799,0.0005,0.7388,1.1305,0.3476
1.7109,0.0003,0.6834,1.5458,0.3492
1.4086,0.0006,0.7417,1.5266,0.3517
1.7556,0.0004,0.6807,1.5907,0.3410
1.5974,0.0005,0.8739,1.4350,0.3410
2.6139,0.0005,0.9926,2.9890,0.3642
1.4447,0.0006,1.0968,1.5188,0.3401
1.2338,0.0004,0.7883,1.1022,0.3401
2.3512,0.0004,0.8309,2.4558,0.3357
1.1796,0.0005,0.7751,1.0502,0.3357
1.6282,0.0004,0.9112,1.5018,0.3546
2.1731,0.0005,0.7198,2.4329,0.3490
1.8083,0.0005,0.7176,1.8001,0.3658
1.4800,0.0006,0.7319,1.5054,0.3453
1.1623,0.0009,0.7713,1.0301,0.3453
1.5636,0.0005,0.9936,1.4741,0.3491
1.8390,0.0010,0.7140,1.9427,0.3432
1.9546,0.0006,0.9498,1.7166,0.3380
1.5318,0.0005,1.1769,1.6892,0.3482
1.2435,0.0004,1.4028,1.3650,0.3482
1.7974,0.0005,0.8155,1.3965,0.3374
1.6034,0.0004,0.8525,2.0040,0.3374
1.3008,0.0005,0.8241,1.2856,0.3419
1.6053,0.0006,0.7446,1.4385,0.3414
2.1474,0.0007,0.8086,2.2794,0.3426
1.6461,0.0005,0.7731,1.5547,0.3410
1.7123,0.0003,0.8553,1.6848,0.3410
1.6197,0.0008,0.6728,1.6919,0.3571
1.7207,0.0007,0.8114,1.7033,0.3697
1.5533,0.0008,0.8158,1.3288,0.3765
1.6746,0.0003,0.7921,1.9644,0.3359
1.4824,0.0003,0.7268,1.2397,0.3523
1.8027,0.0006,0.9542,1.9983,0.3523
1.3115,0.0007,0.9127,1.3369,0.3616
1.6422,0.0008,0.7248,1.2514,0.3836
1.8845,0.0005,0.8143,2.1646,0.3415
1.5256,0.0006,0.7989,1.6211,0.3415
1.5215,0.0006,0.7096,1.4915,0.3418
1.3587,0.0006,1.0074,1.3396,0.3714
1.4007,0.0005,1.2241,1.3407,0.3868
2.0952,0.0004,1.1815,2.1129,0.3516
1.4165,0.0005,1.0262,1.3170,0.3516
2.0105,0.0007,0.8012,1.7965,0.3406
1.9921,0.0008,0.9401,2.1778,0.3406
1.8136,0.0007,1.2621,1.8916,0.3461
1.3520,0.0007,1.0853,1.1739,0.3461
1.6996,0.0005,0.8198,1.9619,0.3656
1.4892,0.0007,0.7406,1.4209,0.3536
1.8786,0.0004,0.9347,1.7741,0.8618
2.0598,0.0005,1.0233,2.0810,0.3471
1.1219,0.0004,0.8461,1.2355,0.3471
1.7386,0.0005,0.7191,1.7149,0.3471
1.6533,0.0005,0.7312,1.5606,0.3465
1.8633,0.0005,0.9228,1.9447,0.3408
1.9534,0.0005,0.9442,1.8951,0.3701
1.1158,0.0003,0.8918,1.1808,0.3391
1.5036,0.0004,0.6782,1.5184,0.3391
1.5432,0.0004,0.6126,1.2327,0.3408
2.0001,0.0004,0.7281,2.1290,0.3562
1.6516,0.0004,0.7890,1.5346,0.3532
1.6430,0.0003,0.7835,1.9334,0.3422
1.5282,0.0005,0.7902,1.2910,0.3432
1.5095,0.0004,0.9825,1.4175,0.3402
1.8455,0.0004,0.8695,1.7675,0.3482
1.2173,0.0004,0.8269,1.5891,0.3399
2.1146,0.0006,0.6196,1.8919,0.3426
1.0340,0.0004,0.8412,0.7765,0.3426
1.2321,0.0005,0.8128,1.4480,0.3411
2.0193,0.0005,0.6644,1.6884,0.3717
1.4485,0.0005,1.2046,1.7856,0.3833
1.5795,0.0004,0.8901,1.6166,0.3579
2.0563,0.0005,0.6648,2.1691,0.3400
1.1339,0.0005,0.9217,1.1746,0.3605
1.1169,0.0006,0.6573,1.0691,0.3605
1.6442,0.0006,0.6477,1.3803,0.3436
1.2704,0.0005,0.7546,1.5118,0.3436
1.8133,0.0004,0.7265,1.8595,0.3545
1.5850,0.0003,0.7359,1.6005,0.3473
1.3271,0.0003,0.6361,1.1859,0.3473
2.0444,0.0007,0.6637,1.7630,0.3756
1.3294,0.0004,0.9611,1.4690,0.3756
1.8899,0.0004,0.7306,1.6607,0.3524
1.6851,0.0004,0.8101,2.0901,0.3524
1.5764,0.0004,0.7329,1.6372,0.3460
1.7550,0.0005,0.6247,1.6008,0.3365
1.7697,0.0003,0.6955,1.9088,0.3413
1.4706,0.0005,0.6395,1.3287,0.3413
1.6188,0.0003,0.7283,1.7584,0.3565
1.4999,0.0003,0.5771,1.4596,0.3474
1.5570,0.0003,0.5926,1.5599,0.3593
1.9734,0.0003,0.7204,1.9771,0.3571
1.3321,0.0004,0.6653,1.1410,0.3573
1.3408,0.0005,0.9630,1.2546,0.3573
1.9038,0.0005,0.7765,2.0794,0.3423
1.5546,0.0004,0.8112,1.6303,0.3398
1.1762,0.0005,0.6214,1.1933,0.3398
1.2892,0.0004,0.6224,1.2557,0.3619
1.3749,0.0003,0.6054,1.3858,0.3455
1.4520,0.0004,0.6606,1.1927,0.3552
1.4739,0.0003,0.6610,1.6768,0.3442
1.4142,0.0007,0.6939,1.4005,0.3560
1.5895,0.0005,0.7945,1.6189,0.3715
1.4528,0.0004,0.8756,1.4569,0.3344
1.3162,0.0004,0.8318,1.3275,0.3569
1.6901,0.0004,0.7018,1.6161,0.3570
1.1199,0.0006,0.6994,1.1630,0.3418
1.4571,0.0007,0.7298,1.0229,0.3638
1.6517,0.0005,0.8872,2.0658,0.3486
1.2422,0.0006,0.7074,1.1676,0.3611
1.1544,0.0005,0.7424,1.0380,0.3611
1.1304,0.0005,0.7320,1.3123,0.3530
1.1427,0.0006,0.6535,1.1598,0.3481
1.5022,0.0005,0.6144,1.2431,0.3521
1.5449,0.0004,0.7259,1.6643,0.4013
1.4666,0.0004,0.8496,1.2660,0.3985
1.5372,0.0004,0.9612,1.8182,0.3517
1.2450,0.0005,0.7007,1.2692,0.3585
1.0516,0.0003,0.6408,1.0607,0.3585
1.4188,0.0006,0.6034,1.1643,0.3473
1.8706,0.0003,0.7442,2.0909,0.3424
1.2878,0.0004,0.6013,1.1632,0.3424
1.5595,0.0005,0.7821,1.5150,0.3486
1.3750,0.0004,0.6421,1.3797,0.3462
1.2708,0.0004,0.7583,1.1392,0.3572
1.8934,0.0006,0.6422,2.0219,0.3493
1.3188,0.0005,0.9397,1.4087,0.3607
1.5006,0.0004,0.8301,1.5165,0.3531
1.4422,0.0004,0.7533,1.1227,0.3430
1.3524,0.0003,0.8780,1.2898,0.3430
1.7126,0.0004,0.7550,2.0604,0.3496
1.5887,0.0005,0.6588,1.5061,0.3453
1.4821,0.0005,0.7976,1.5981,0.3453
1.3227,0.0004,0.7745,1.0947,0.3570
1.5361,0.0004,0.7726,1.4229,0.3582
1.8145,0.0004,0.7095,1.7346,0.3408
1.6459,0.0004,0.7822,1.9718,0.3561
1.6790,0.0005,0.7736,1.3289,0.3524
1.7376,0.0004,0.8532,1.6993,0.3385
1.8487,0.0008,0.8312,2.1783,0.3516
1.2793,0.0005,0.9471,1.3440,0.3396
1.7067,0.0005,0.7276,1.6493,0.3442
1.2252,0.0005,0.7667,1.3072,0.3346
0.9833,0.0006,0.7372,0.8910,0.3346
1.8906,0.0006,0.8333,1.9470,0.3515
1.3493,0.0004,0.5940,0.9163,0.3515
1.6203,0.0005,0.9011,1.9569,0.3640
1.4960,0.0007,0.9750,1.3224,0.3453
1.5224,0.0005,0.8592,1.5782,0.3833
1.7178,0.0004,0.8484,1.4149,0.3481
1.3299,0.0006,0.7843,1.6471,0.3398
2.0942,0.0004,0.6431,2.1765,0.3349
1.4015,0.0004,0.6554,1.4545,0.3515
1.6085,0.0005,0.6555,1.5559,0.3511
1.0289,0.0005,0.7626,0.9762,0.3511
1.7464,0.0004,0.5903,1.7873,0.3476
1.7284,0.0003,0.6155,1.6135,0.3389
2.0076,0.0006,0.6412,2.0734,0.5651
1.4173,0.0004,0.8788,1.4611,0.3823
1.1400,0.0005,0.7578,1.1535,0.3597
1.0829,0.0003,0.6525,1.0661,0.3597
1.2437,0.0004,0.6120,1.0126,0.3600
1.4634,0.0004,0.6375,1.6891,0.3504
1.2915,0.0004,0.6461,1.3103,0.3504
1.2546,0.0005,0.6145,1.2564,0.3417
1.3820,0.0005,0.6108,1.1983,0.3525
1.6764,0.0005,0.6361,1.5316,0.3531
1.1708,0.0005,0.8533,1.4723,0.3531
1.2981,0.0004,0.8068,1.2307,0.3633
1.9667,0.0010,0.6475,1.9272,0.3742
1.5872,0.0008,0.8426,1.6103,0.3797
1.1577,0.0005,0.9619,1.1953,0.3622
1.1864,0.0006,0.9890,0.8977,0.3712
1.3057,0.0004,0.8265,1.4000,0.3712
1.3693,0.0005,0.7065,1.5790,0.3631
1.3418,0.0006,0.7146,1.1335,0.3373
1.0957,0.0005,0.7833,1.2279,0.3373
1.4572,0.0005,0.6628,1.1999,0.3651
1.2758,0.0005,0.8077,1.4349,0.3593
1.3969,0.0006,0.8312,1.2221,0.3480
1.4520,0.0004,0.8056,1.7691,0.3490
1.2058,0.0004,0.6242,1.0772,0.3490
1.8287,0.0007,0.7371,1.5823,0.3663
1.1048,0.0005,1.0052,1.3771,0.3663
1.5216,0.0172,1.0094,1.3696,0.3508
1.4166,0.0004,0.6966,1.4976,0.3434
1.2204,0.0005,0.6414,1.3498,0.3451
1.3985,0.0004,0.6471,1.2226,0.3371
1.4289,0.0004,0.8501,1.4946,0.3487
1.5568,0.0005,0.6855,1.6231,0.3512
1.2509,0.0003,0.7941,1.1858,0.3386
1.7075,0.0004,0.7299,1.7987,0.3496
1.3443,0.0005,0.6067,1.3483,0.3469
1.3628,0.0005,0.6104,0.8929,0.3590
1.7013,0.0005,1.0342,1.6248,0.3557
1.4751,0.0004,0.9796,1.9939,0.3557
1.2150,0.0004,0.6596,1.2119,0.3685
1.6074,0.0006,0.6557,1.5797,0.3403
1.1776,0.0009,0.6463,1.1501,0.3403
1.2719,0.0004,0.6545,1.3054,0.3530
1.5372,0.0006,0.6575,1.4091,0.3568
1.0897,0.0003,0.8428,0.9955,0.3568
1.3677,0.0005,0.8089,1.4756,0.3480
1.3261,0.0005,0.6316,1.3838,0.3429
1.1839,0.0005,0.6689,1.2207,0.3610
1.5358,0.0004,0.6500,1.3636,0.3482
1.5843,0.0003,0.7317,1.6686,0.5312
1.5087,0.0005,0.8217,1.4021,0.3628
1.7028,0.0004,0.8372,1.8692,0.3489
1.0266,0.0004,0.8158,0.9698,0.3489
1.2551,0.0004,0.7211,1.0389,0.3552
1.5137,0.0006,0.7212,1.4477,0.3500
1.7599,0.0003,0.9765,2.0566,0.3350
1.6116,0.0004,0.7264,1.4826,0.3684
1.3970,0.0004,0.8287,1.5390,0.3681
1.0140,0.0004,0.6147,0.8125,0.3478
1.3338,0.0004,0.7780,1.3399,0.3478
1.7795,0.0006,0.7624,1.8682,0.3678
1.7045,0.0004,1.0577,1.7707,0.3673
1.5534,0.0005,0.8876,1.2754,0.3593
1.4302,0.0004,0.7871,1.4181,0.3668
1.4753,0.0004,0.7959,1.7524,0.3455
1.0154,0.0004,0.7264,1.0298,0.3455
1.5454,0.0003,0.7026,1.3498,0.3609
1.6523,0.0004,0.7856,1.8457,0.3609
1.5074,0.0003,0.7679,1.4809,0.3383
1.2691,0.0005,0.6851,1.2727,0.3445
1.0616,0.0003,0.6352,1.0823,0.3445
1.7676,0.0007,0.6239,1.2247,0.3510
1.4453,0.0005,1.1653,1.9511,0.3510
1.6120,0.0005,0.7401,1.3031,0.3669
1.1607,0.0004,0.8553,1.3538,0.3438
1.2387,0.0004,0.9347,1.2251,0.3438
1.6122,0.0004,0.6913,1.6325,0.3506
1.5804,0.0003,0.8271,1.6654,0.3414
1.0766,0.0004,0.6101,1.0766,0.3526
1.5302,0.0004,0.7428,1.1321,0.3377
1.3837,0.0004,0.7090,1.4544,0.3381
1.3343,0.0006,0.9269,1.5002,0.3615
1.1638,0.0005,0.7084,1.2742,0.3615
1.6800,0.0006,0.5945,1.2708,0.3610
1.8365,0.0005,0.8933,2.1712,0.3610
1.8868,0.0005,0.9609,1.8004,0.3478
1.1534,0.0005,0.9823,1.3425,0.3518
0.9807,0.0007,0.6824,0.9714,0.3518
1.3292,0.0004,0.7128,1.1772,0.3450
1.5786,0.0004,0.9084,1.7105,0.3481
1.2164,0.0006,0.7054,1.2197,0.3381
1.5040,0.0004,0.6178,1.1346,0.3373
1.1018,0.0007,0.7760,1.3454,0.3373
1.6524,0.0006,0.7403,1.5888,0.3577
1.5540,0.0005,0.9055,1.4505,0.3446
2.0850,0.0005,0.9690,2.2841,0.3530
1.2875,0.0005,0.8422,0.9973,0.3369
1.3787,0.0004,0.9536,1.5079,0.3776
1.4658,0.0004,0.9990,1.4266,0.3481
1.4296,0.0005,0.7866,1.6268,0.3481
1.2371,0.0004,0.6253,1.2649,0.3557
1.4693,0.0004,0.6184,1.2309,0.3559
1.8736,0.0004,0.8066,2.0742,0.3420
1.2968,0.0004,0.6123,1.3037,0.3625
1.4504,0.0006,0.6406,1.1395,0.3366
1.4763,0.0005,0.7708,1.3022,0.3532
1.9647,0.0007,0.9540,2.0149,0.3849
1.0453,0.0007,1.1820,1.1811,0.3849
1.7607,0.0005,0.9891,1.7350,0.3493
1.4671,0.0004,1.0413,1.6324,0.3493
2.1852,0.0007,1.1409,2.1767,0.3555
1.3602,0.0007,0.8211,1.4801,0.3426
1.0850,0.0005,0.6511,1.1109,0.3426
1.5713,0.0005,0.5852,1.5309,0.3359
1.5373,0.0004,0.5932,1.2271,0.3492
1.2592,0.0005,0.7954,1.3469,0.3492
2.2836,0.0005,0.6896,2.0658,0.3511
0.7593,0.0005,1.0129,0.9171,0.3511
2.0377,0.0005,0.7586,2.2766,0.3627
1.3854,0.0003,0.6929,1.1521,0.3627
1.3853,0.0003,0.7600,1.6514,0.3572
1.0882,0.0003,0.7950,0.8938,0.3499
1.7718,0.0005,0.8747,1.9040,0.3329
1.3195,0.0004,0.6958,1.1770,0.3604
1.1277,0.0004,0.8303,1.1951,0.3604
1.3066,0.0005,0.6593,1.2284,0.3453
1.2863,0.0005,0.7676,1.4754,0.3453
1.2616,0.0004,0.6217,1.2444,0.3618
1.3515,0.0005,0.6425,1.1094,0.3407
1.7545,0.0005,0.9100,1.8214,0.3599
1.7053,0.0177,0.8797,1.5422,0.3408
1.4847,0.0003,0.9520,1.4831,0.3515
1.2073,0.0004,0.8613,1.3718,0.3563
1.5471,0.0006,1.0793,1.2075,0.3408
1.7053,0.0004,0.7500,2.1769,0.3379
1.3709,0.0005,0.6208,1.3475,0.3379
1.3074,0.0004,0.6065,1.1075,0.3312
1.5745,0.0004,0.7267,1.6128,0.3452
1.5109,0.0004,0.9076,1.4123,0.3618
1.1766,0.0009,0.7758,1.3922,0.3618
1.9241,0.0007,0.8933,1.8999,0.3633
1.2788,0.0006,1.2079,1.2263,0.3695
1.3200,0.0005,0.7929,1.3165,0.3607
1.4249,0.0005,0.6715,1.3477,0.3440
1.6438,0.0003,0.6787,1.8441,0.3427
1.2246,0.0003,0.6013,1.2330,0.3427
1.7294,0.0004,0.6043,1.7070,0.3454
1.4460,0.0003,0.6388,1.0960,0.3454
1.8439,0.0010,0.5912,2.1785,0.3555
1.2360,0.0004,0.5954,1.1169,0.3434
1.6155,0.0007,0.6300,1.4596,0.3537
1.7022,0.0006,0.7065,1.6670,0.3489
2.2962,0.0006,0.9797,2.5006,0.3446
1.5266,0.0005,1.0249,1.5456,0.3621
1.4770,0.0005,0.7488,1.5131,0.3496
1.1217,0.0006,0.6846,1.0129,0.3473
1.5198,0.0005,0.7441,1.6330,0.3360
1.0768,0.0004,0.6298,0.9102,0.3360
1.6488,0.0006,0.6867,1.3055,0.3505
1.4733,0.0005,0.8973,1.7030,0.3325
1.5608,0.0004,0.7808,1.6485,0.3500
1.5074,0.0004,0.6784,1.6493,0.3527
1.5042,0.0006,0.7202,1.2310,0.3469
1.3732,0.0005,0.7743,1.6604,0.3947
1.7098,0.0003,0.6998,1.6998,0.3354
1.5022,0.0003,0.6460,1.4953,0.3458
1.5291,0.0005,0.7426,1.3953,0.3510
1.6382,0.0005,0.9952,1.7147,0.3461
1.4308,0.0005,0.9269,1.4771,0.3461
1.9732,0.0004,0.7330,1.9358,0.3595
1.1544,0.0007,0.7445,0.9415,0.3595
2.1253,0.0006,0.9365,2.2183,0.3615
1.5495,0.0009,1.1657,1.5645,0.3615
1.6840,0.0007,1.0839,1.6650,0.3798
1.6993,0.0005,1.0155,1.7738,0.3388
1.6134,0.0005,0.8316,1.2914,0.3440
1.9395,0.0004,0.9803,2.2511,0.3487
1.3367,0.0004,0.8599,1.0479,0.3390
1.5232,0.0003,0.8224,1.5971,0.3437
1.5079,0.0005,0.7681,1.4363,0.3437
1.9480,0.0006,0.7865,2.1738,0.3407
1.3596,0.0006,0.8265,1.4006,0.3407
2.4104,0.0012,0.9849,2.2100,0.3584
1.5583,0.0009,1.0264,1.4134,0.3584
2.6501,0.0008,1.4876,1.8121,0.3654
2.2577,0.0006,0.8097,3.3169,0.3577
0.8295,0.0005,0.8561,0.7806,0.3577
2.2387,0.0004,0.6836,2.3482,0.3428
1.5373,0.0004,0.7615,1.3089,0.3364
1.1124,0.0005,1.1602,1.3357,0.3364
1.8127,0.0004,0.6696,1.4936,0.3721
1.2600,0.0005,0.8129,1.3950,0.3554
1.9758,0.0006,0.9477,1.6165,0.3456
1.3860,0.0005,1.5265,1.8649,0.3875
1.4743,0.0005,1.1353,1.0343,0.3496
2.0202,0.0005,1.0543,2.4510,0.3567
1.5502,0.0005,0.7545,1.5780,0.3413
1.1803,0.0005,0.7482,0.8798,0.3413
2.1953,0.0006,0.7478,2.3324,0.3592
1.2651,0.0004,0.9388,1.4094,0.3506
1.5358,0.0005,0.7768,1.5513,0.3513
1.8655,0.0004,0.6947,1.3917,0.3513
1.2836,0.0004,0.9875,1.5771,0.3463
1.4422,0.0005,0.8005,1.5799,0.3862
1.3069,0.0005,0.8250,1.3281,0.3791
1.4639,0.0003,0.6600,1.2956,0.3523
1.5762,0.0003,0.6647,1.5954,0.3345
1.6403,0.0004,0.6541,1.3559,0.3480
1.3215,0.0004,0.7627,1.6997,0.3511
1.2998,0.0003,0.6881,1.3280,0.3511
1.5108,0.0004,0.6638,1.5172,0.3605
1.3685,0.0003,0.6105,1.3534,0.3543
1.0645,0.0003,0.6645,1.0771,0.3543
1.4776,0.0006,0.5921,1.2111,0.3624
1.5276,0.0006,0.9075,1.3575,0.3726
2.0070,0.0005,0.9011,2.3480,0.3757
1.2586,0.0004,0.8508,1.3138,0.3608
1.0298,0.0004,0.8741,1.0333,0.3608
1.4939,0.0004,0.6430,1.1440,0.3518
1.3357,0.0007,0.7910,1.6035,0.3518
2.0562,0.0005,0.7334,2.0110,0.3535
0.7902,0.0004,0.8073,0.7897,0.3486
1.4654,0.0003,0.7709,1.4555,0.3543
1.2011,0.0005,0.7815,1.0963,0.3510
1.2448,0.0004,0.9753,1.3594,0.3510
1.4077,0.0006,0.7348,1.2984,0.3443
1.5823,0.0008,0.8276,1.5790,0.3439
1.5326,0.0004,1.0176,1.7138,0.3541
1.4659,0.0006,0.6985,1.3676,0.3429
1.3324,0.0008,0.7636,1.4352,0.3429
1.3291,0.0004,0.6483,1.2748,0.3628
1.6461,0.0005,0.7470,1.4462,0.3432
1.6016,0.0005,0.9155,1.8314,0.3460
1.1857,0.0004,0.6868,1.0465,0.3460
1.5345,0.0006,0.6639,1.2672,0.3483
1.5153,0.0004,1.0441,1.7930,0.3541
1.2324,0.0005,0.7790,1.3463,0.3541
1.5671,0.0005,0.6314,1.1199,0.3524
1.9116,0.0004,0.8345,2.3025,0.3414
1.6380,0.0006,0.8324,1.6615,0.3558
1.2386,0.0005,0.7082,1.1343,0.3470
1.1552,0.0004,0.8338,1.2547,0.3470
1.2500,0.0005,0.8812,1.2507,0.3408
1.4818,0.0006,0.6540,1.4398,0.3497
1.2019,0.0004,0.8215,1.1702,0.3539
1.5481,0.0004,0.6969,1.4321,0.3633
1.1272,0.0004,0.7290,1.1557,0.3633
1.3050,0.0005,0.5754,1.3413,0.3474
1.1626,0.0004,0.7424,1.0695,0.3594
1.2007,0.0005,0.8335,1.3714,0.3594
1.9447,0.0008,1.0722,1.9150,0.5363
1.1795,0.0006,0.9484,1.1434,0.5363
1.8579,0.0005,0.7966,1.8661,0.3644
1.4346,0.0006,0.9325,1.4228,0.3614
1.5513,0.0004,0.7096,1.5719,0.3706
1.0322,0.0004,0.6578,1.0471,0.3706
1.3631,0.0003,0.6008,1.1596,0.3397
1.3416,0.0003,0.6508,1.5233,0.3402
1.3914,0.0004,0.6930,1.2782,0.3459
1.6388,0.0004,0.7190,1.5469,0.3399
0.9703,0.0003,0.9934,0.9344,0.3399
1.6065,0.0007,0.7310,1.6925,0.3439
1.4017,0.0005,0.8732,1.2337,0.3701
1.5691,0.0005,0.9574,1.7872,0.3563
1.6636,0.0005,0.9387,1.7199,0.3402
1.3705,0.0004,0.7175,1.2230,0.3402
1.6860,0.0004,0.7653,1.4255,0.3432
1.2090,0.0005,0.8054,1.4185,0.3432
1.7372,0.0004,0.7514,1.5619,0.3554
1.0620,0.0004,0.8546,1.4361,0.3554
1.7698,0.0006,0.6642,1.5957,0.3394
1.3107,0.0004,0.7808,1.4191,0.3394
1.5755,0.0005,0.6546,1.3021,0.3522
1.5309,0.0005,0.9264,1.5316,0.3508
1.3772,0.0005,0.8239,1.6778,0.3810
1.3309,0.0003,0.8367,0.9943,0.3555
1.6128,0.0160,0.7264,1.8357,0.3640
1.8714,0.0003,0.7120,1.8965,0.3562
1.6109,0.0003,0.8934,1.6831,0.3371
1.2589,0.0003,0.6784,1.2547,0.3368
1.4322,0.0004,0.5960,1.3143,0.3476
1.2770,0.0005,0.8194,1.3743,0.3544
1.2085,0.0004,0.7691,1.2178,0.3464
1.1482,0.0003,0.5556,1.1231,0.3464
1.7678,0.0010,0.7237,1.6735,0.3744
1.8455,0.0006,0.8387,1.7400,0.3532
1.6065,0.0008,0.8447,1.6571,0.3497
1.8554,0.0006,0.8254,1.8485,0.3430
1.3181,0.0004,0.7866,1.4540,0.3430
1.6539,0.0005,0.6346,1.5028,0.3593
1.6650,0.0005,0.6375,1.5809,0.3573
1.5134,0.0005,0.6325,1.6242,0.3442
1.8192,0.0004,0.7135,1.7542,0.3412
1.1277,0.0006,0.8024,1.1458,0.3585
1.8448,0.0006,0.9399,1.6614,0.3764
1.4349,0.0005,0.9582,1.4755,0.3764
1.5291,0.0005,0.8671,1.7280,0.3544
1.3125,0.0005,0.8994,1.2617,0.3418
1.4374,0.0004,0.7927,1.2286,0.3418
1.4103,0.0005,0.7690,1.6986,0.3380
1.3956,0.0004,0.6377,1.2197,0.3502
1.2794,0.0004,0.7202,1.2934,0.3429
2.0340,0.0006,0.9450,2.1010,0.3335
1.2025,0.0006,0.9571,1.2084,0.3590
1.3026,0.0005,0.8492,1.2133,0.3590
1.2952,0.0008,0.7808,1.4408,0.3411
2.1566,0.0006,0.6742,1.8082,0.3776
1.2827,0.0004,1.1801,1.2052,0.3363
1.6748,0.0005,0.9333,2.0773,0.3533
1.3681,0.0004,0.6398,1.2223,0.3522
1.3160,0.0005,0.7300,1.4078,0.3522
1.6769,0.0004,0.6366,1.5083,0.3444
1.5010,0.0003,0.6432,1.7234,0.3566
1.0672,0.0003,0.6605,1.0592,0.3337
1.1992,0.0003,0.6258,1.0416,0.3717
2.0613,0.0004,0.6690,2.0635,0.3588
1.7016,0.0003,0.8974,1.8006,0.3433
1.6417,0.0004,0.7695,1.6368,0.3635
1.3700,0.0004,0.6990,1.3346,0.3587
1.8202,0.0005,0.6450,1.5212,0.3430
1.6803,0.0004,0.7760,2.0322,0.3553
1.7471,0.0006,0.7584,1.5684,0.3470
1.7256,0.0003,0.7975,1.8500,0.3470
1.4282,0.0005,0.7446,1.4553,0.3343
1.3122,0.0005,0.6800,1.2586,0.3631
1.4192,0.0005,0.6808,1.2795,0.3523
1.9002,0.0006,0.7915,1.6402,0.3462
1.6212,0.0007,1.1799,1.9869,0.3462
1.9285,0.0006,1.1296,1.9102,0.3695
1.3322,0.0004,0.8260,1.0484,0.3454
1.2749,0.0005,0.8002,1.4673,0.3454
1.4164,0.0004,0.6486,1.5748,0.3443
1.3940,0.0004,0.6377,1.3170,0.3459
1.2250,0.0005,0.6549,1.2537,0.3487
1.7311,0.0008,0.6885,1.6312,0.3585
1.2736,0.0006,0.9149,1.1307,0.3585
1.4596,0.0005,0.9052,1.7158,0.3454
1.6085,0.0007,0.6761,1.6197,0.3470
1.0354,0.0006,0.8500,0.9531,0.3470
1.5419,0.0006,0.9252,1.6048,0.3642
1.7873,0.0004,0.8273,1.7653,0.3536
1.1405,0.0005,0.7006,1.1599,0.3536
1.4982,0.0005,0.6233,1.4534,0.3493
1.2972,0.0005,0.6933,0.9770,0.3497
1.2818,0.0003,1.0118,1.3826,0.3497
1.2170,0.0005,0.9122,1.4684,0.3631
1.6339,0.0004,0.6311,1.6248,0.3617
1.2194,0.0004,0.7342,1.2170,0.3514
1.3029,0.0003,0.6321,1.3362,0.3522
1.6459,0.0004,0.6586,1.2627,0.3392
1.4874,0.0005,0.7917,1.7733,0.3384
1.6749,0.0005,0.8937,1.6560,0.3775
1.1903,0.0003,0.8062,1.2213,0.3566
1.1846,0.0005,0.7135,1.0531,0.3566
1.4143,0.0004,0.7217,1.5233,0.3600
1.1542,0.0005,0.6119,1.1606,0.3600
1.0775,0.0004,0.7127,1.0879,0.3414
1.4585,0.0004,0.9074,1.2769,0.3376
1.5109,0.0004,1.1394,1.4789,0.3511
1.0070,0.0006,0.9287,1.1821,0.3511
1.2772,0.0004,0.6572,1.2871,0.3455
1.2241,0.0004,0.6199,1.0611,0.3562
1.2047,0.0004,0.6239,1.1951,0.3446
1.8986,0.0005,0.6374,1.7190,0.3527
1.6969,0.0005,1.2218,1.6257,0.3475
1.8390,0.0005,1.0268,2.1449,0.3499
1.4059,0.0004,0.7917,1.4771,0.3487
1.5791,0.0004,0.6988,1.5739,0.3472
1.5765,0.0004,0.6449,1.2468,0.3469
1.0432,0.0003,0.8563,1.3791,0.3469
1.6912,0.0003,0.7068,1.6297,0.3715
1.6559,0.0004,0.8220,1.6193,0.3401
1.6578,0.0005,0.6446,1.2869,0.3464
1.3781,0.0005,0.8194,1.5429,0.3464
2.3534,0.0006,1.0076,2.5466,0.3749
0.9171,0.0005,0.8450,0.8499,0.3749
1.6477,0.0005,0.8165,1.5186,0.3511
2.0233,0.0004,0.8646,2.2814,0.3425
1.2224,0.0009,0.6627,0.9816,0.3425
2.2057,0.0005,0.8348,2.3367,0.3629
1.4747,0.0004,0.7664,1.5380,0.3470
1.3086,0.0005,0.7275,1.0017,0.3470
1.1484,0.0004,0.8485,1.3178,0.3443
0.8862,0.0003,1.0919,0.8947,0.3443
1.5250,0.0005,0.7745,1.6446,0.3413
1.4537,0.0005,0.9030,1.3136,0.3573
1.5411,0.0005,1.0442,1.4854,0.3577
1.6864,0.0005,0.6836,1.5678,0.3550
1.3277,0.0006,0.7888,1.6269,0.3550
1.4588,0.0005,0.6753,1.2493,0.3564
1.4119,0.0004,0.7103,1.5351,0.3510
1.3410,0.0004,0.7194,1.1390,0.3662
1.2657,0.0003,1.0117,1.4249,0.3645
1.6406,0.0004,0.7863,1.5711,0.3344
0.9686,0.0005,0.9232,0.9219,0.3344
1.4848,0.0005,0.6510,1.6900,0.3447
1.5629,0.0006,0.6687,1.4139,0.3490
2.1145,0.0004,0.8428,2.1835,0.3860
1.1839,0.0004,0.9093,1.2607,0.3860
1.0918,0.0004,0.6876,1.0852,0.3557
1.1964,0.0003,0.6963,1.0977,0.3473
1.4428,0.0004,0.8283,1.5357,0.3634
1.2423,0.0003,0.6954,1.0330,0.3634
1.9164,0.0003,0.8165,2.1081,0.3534
1.3567,0.0004,0.7029,1.3408,0.3534
1.2008,0.0005,0.7287,1.0021,0.3490
1.5334,0.0004,1.1403,1.6229,0.3490
1.4218,0.0005,0.6649,1.3217,0.3401
1.5498,0.0005,0.7474,1.4774,0.3677
1.5874,0.0004,0.7857,1.6458,0.3497
1.4025,0.0004,0.8789,1.2860,0.3497
1.9239,0.0006,0.7768,2.2237,0.3464
1.4346,0.0004,0.6841,1.3183,0.3549
1.4955,0.0005,0.7972,1.6321,0.3553
1.3243,0.0003,0.6850,1.0255,0.3553
1.4999,0.0003,0.8028,1.7812,0.3382
1.4955,0.0004,0.6528,1.1331,0.3452
1.4661,0.0004,1.0136,1.6290,0.3452
1.7767,0.0005,0.6418,1.7109,0.3451
2.0703,0.0006,0.7553,2.2134,0.3897
1.4217,0.0006,0.8707,1.4012,0.3897
1.8576,0.0006,1.2225,1.8927,0.3579
1.8032,0.0003,0.9109,1.8021,0.3463
1.1696,0.0004,0.7535,0.9344,0.3393
1.3656,0.0004,0.8456,1.3066,0.3470
1.2005,0.0003,0.8227,1.4644,0.3470
1.3706,0.0003,0.6434,1.3210,0.3523
1.5701,0.0005,0.6434,1.5183,0.3582
1.0658,0.0007,0.8586,1.1650,0.3582
1.8435,0.0004,0.8600,1.6201,0.3574
1.6890,0.0004,0.6387,1.9168,0.3864
1.4819,0.0005,0.7722,1.3797,0.3604
1.5556,0.0004,0.9524,1.2903,0.3604
1.9391,0.0004,0.9073,2.2221,0.3351
1.0914,0.0004,0.8339,1.1317,0.3351
1.4309,0.0004,0.9628,1.1073,0.3490
1.8608,0.0003,0.7529,2.1119,0.3496
1.3358,0.0003,0.8381,1.4712,0.3496
1.5081,0.0003,0.6242,1.4015,0.3585
1.0473,0.0003,0.8133,0.9774,0.3583
1.3267,0.0004,0.9705,1.2284,0.3710
0.9775,0.0005,0.9790,0.9800,0.3710
2.0567,0.0006,0.8547,1.8420,0.3832
1.1929,0.0005,1.1041,1.5654,0.3832
1.5091,0.0005,0.9393,1.5737,0.3548
0.9048,0.0004,0.6456,0.9233,0.3343
1.3130,0.0005,0.6307,1.1684,0.3491
1.4568,0.0004,0.7546,1.5687,0.3500
1.1530,0.0004,0.6560,1.1320,0.3541
1.3993,0.0004,0.6549,1.4339,0.3541
1.5605,0.0004,0.6203,1.3921,0.3454
1.1128,0.0005,0.7593,1.2241,0.3454
1.7806,0.0005,0.8890,1.7640,0.3432
1.2843,0.0006,0.8105,1.2542,0.3432
1.7257,0.0006,0.7928,1.6418,0.5256
1.3798,0.0008,0.7716,1.4677,0.3581
1.7047,0.0351,0.9310,1.6396,0.3694
1.5876,0.0005,0.9402,1.6598,0.3594
1.4149,0.0006,0.6559,1.3622,0.3483
1.5632,0.0005,0.7314,1.6375,0.3526
1.6730,0.0005,0.6628,1.6601,0.3526
1.3867,0.0004,0.5970,1.3751,0.3523
1.2455,0.0004,0.5940,1.2523,0.3369
1.2637,0.0005,0.5568,1.1612,0.3369
1.6963,0.0004,0.8339,1.5380,0.3532
1.5999,0.0006,0.7360,1.7582,0.3374
1.9292,0.0004,0.8504,1.9564,0.3631
1.5422,0.0006,0.7400,1.5737,0.3519
1.4862,0.0006,0.6279,1.4528,0.3519
1.6216,0.0005,0.6540,1.6259,0.3415
1.8177,0.0005,0.6421,1.6480,0.3459
1.5416,0.0004,0.7816,1.6985,0.3432
1.1718,0.0003,0.6014,1.1130,0.3432
1.2260,0.0006,0.6354,1.1706,0.3458
2.0410,0.0005,0.6842,2.0693,0.3422
1.6257,0.0006,0.8159,1.3193,0.3758
1.9241,0.0004,0.9733,2.2621,0.3469
1.4790,0.0011,0.7112,1.4968,0.3553
1.2666,0.0003,0.6677,1.2797,0.3398
1.1912,0.0003,0.6277,0.9777,0.3398
1.2823,0.0003,0.6489,1.4544,0.3539
1.4953,0.0004,0.6778,1.4156,0.3607
1.0879,0.0004,0.8828,0.9868,0.3607
1.3433,0.0004,0.7401,1.3405,0.3702
1.3382,0.0003,0.6440,1.4235,0.3487
1.5298,0.0004,0.6744,1.5965,0.3662
1.3134,0.0006,0.7191,1.1000,0.3539
1.7056,0.0005,0.7658,1.8875,0.3542
1.6214,0.0006,0.8101,1.4298,0.3725
1.3149,0.0005,0.7405,1.5475,0.3497
1.4789,0.0004,0.6575,1.2559,0.3425
1.0400,0.0003,0.8101,1.2697,0.3425
1.5444,0.0004,0.7348,1.5442,0.3393
1.2095,0.0003,0.5777,1.1370,0.3471
1.1971,0.0003,0.6129,1.2415,0.3571
1.4241,0.0005,0.5800,1.4130,0.3451
1.3118,0.0005,0.6280,1.1844,0.3458
1.3663,0.0005,0.9860,1.4749,0.3463
1.4859,0.0004,0.7469,1.2003,0.3463
2.0745,0.0007,1.0160,2.1056,0.3836
1.3592,0.0005,0.9790,1.5809,0.3465
1.8005,0.0004,0.7564,1.7734,0.3565
1.2814,0.0004,0.6975,1.0563,0.3565
1.5812,0.0005,0.8179,1.8510,0.3531
1.5551,0.0004,0.6386,1.5084,0.3362
1.1324,0.0004,0.7536,0.8303,0.3362
1.5300,0.0004,0.8748,1.5883,0.3554
2.0697,0.0005,1.0544,2.1699,0.3378
0.7413,0.0003,0.8164,0.7647,0.3378
1.4764,0.0005,0.6434,1.3408,0.3498
2.0627,0.0006,0.9258,2.2395,0.3766
1.0938,0.0003,0.8927,0.8602,0.3766
1.5055,0.0004,0.9857,1.7031,0.3661
1.5033,0.0004,0.6557,1.4012,0.3552
1.2688,0.0003,0.8308,1.1811,0.3730
1.2761,0.0004,0.7953,1.5351,0.3730
1.7100,0.0009,0.6990,1.3160,0.3631
1.4232,0.0005,0.9465,1.7179,0.3631
1.6218,0.0005,1.0324,1.6320,0.3390
1.6811,0.0006,0.9109,1.7241,0.3390
2.0738,0.0007,0.8298,2.0131,0.3891
1.1141,0.0006,1.1509,1.1808,0.3891
2.0551,0.0006,0.8548,1.9220,0.3429
1.4681,0.0007,1.0469,1.5680,0.3544
1.3809,0.0005,0.9858,1.1604,0.3562
1.8094,0.0005,0.9306,1.6672,0.3507
1.4104,0.0004,0.9837,1.7895,0.3507
1.4804,0.0004,0.7472,1.1584,0.3436
1.8814,0.0004,0.9311,2.1895,0.3416
1.4969,0.0003,0.6925,1.2239,0.3503
1.9067,0.0006,0.8493,2.1509,0.3573
1.6286,0.0008,1.0339,1.3457,0.3573
1.8999,0.0007,1.0951,2.1556,0.3373
1.5693,0.0005,1.0920,1.4526,0.3459
1.2978,0.0007,0.8825,1.4287,0.3539
1.4009,0.0006,0.9022,1.4021,0.3539
1.5599,0.0005,1.0081,1.2663,0.3605
1.8750,0.0005,0.9368,2.1457,0.3458
1.4037,0.0005,0.6955,1.4245,0.3458
1.5226,0.0005,0.6987,1.5188,0.3618
1.6171,0.0005,0.6681,1.6103,0.3427
1.4008,0.0006,0.8230,1.2038,0.3427
1.7164,0.0006,0.9244,1.8349,0.3668
1.3965,0.0005,0.8792,1.2713,0.3665
2.0419,0.0006,0.8510,2.1668,0.3517
1.7168,0.0007,0.8338,1.5700,0.3531
1.7632,0.0007,1.1430,1.8777,0.3531
1.9505,0.0004,0.8577,1.5447,0.3404
1.9482,0.0006,1.0780,2.3253,0.3409
1.7912,0.0006,1.1129,1.7238,0.3536
1.5819,0.0006,1.2150,1.5825,0.3553
1.7269,0.0008,0.9666,1.7627,0.3553
1.5550,0.0010,1.1750,1.5597,0.3889
1.9533,0.0007,0.9463,1.8808,0.3548
1.4607,0.0008,1.1971,1.2902,0.3656
1.7343,0.0007,1.2995,1.8954,0.3501
1.1429,0.0006,0.9722,1.1618,0.3501
1.6963,0.0008,0.9744,1.6163,0.3557
1.6704,0.0005,0.8933,1.5063,0.3540
1.5555,0.0007,0.9246,1.7531,0.3423
1.6761,0.0006,0.8852,1.8118,0.3687
1.2694,0.0006,0.6962,1.2468,0.3687
1.8727,0.0005,0.7801,1.8274,0.5211
1.5348,0.0007,0.8304,1.5615,0.3593
1.6615,0.0004,0.8469,1.6341,0.3666
1.4820,0.0003,1.1114,1.1360,0.3666
1.5626,0.0003,0.9972,1.9085,0.3431
1.5191,0.0004,0.7085,1.4621,0.3431
2.0259,0.0005,0.7413,2.0504,0.3562
1.3285,0.0005,0.7790,1.2162,0.3562
1.4043,0.0005,0.7590,1.5383,0.3556
1.7563,0.0008,0.7188,1.6950,0.3535
1.5975,0.0005,0.8550,1.6043,0.3590
1.8040,0.0005,1.0263,1.7457,0.3601
1.7297,0.0006,0.9765,1.7793,0.3601
2.2450,0.0005,0.8678,2.2043,0.3713
1.5504,0.0005,0.8499,1.4996,0.3596
1.5290,0.0005,1.0291,1.6160,0.3596
2.0285,0.0009,0.8733,1.9034,0.3528
1.2984,0.0005,0.9346,1.0734,0.3575
1.5978,0.0005,0.9290,1.9457,0.3434
1.3696,0.0005,0.9429,1.0000,0.3434
2.1752,0.0006,1.1013,2.4737,0.3550
1.5121,0.0003,0.8403,1.4972,0.3507
1.6979,0.0004,0.8721,1.4408,0.3507
1.6303,0.0005,0.8208,1.8043,0.3407
1.9669,0.0004,0.8531,2.0206,0.3420
1.7476,0.0003,0.8369,1.8370,0.3419
1.7830,0.0004,0.6972,1.6099,0.3626
1.3645,0.0004,0.8612,1.4628,0.3437
1.2508,0.0006,0.7682,1.3074,0.3480
1.1920,0.0006,0.7370,0.9299,0.3480
1.9144,0.0007,0.8273,1.9323,0.3547
2.0143,0.0011,0.9925,1.7896,0.3632
1.3083,0.0005,0.9815,1.7586,0.3547
1.7841,0.0004,0.7259,1.7692,0.3439
1.8180,0.0005,0.6970,1.2666,0.3330
1.8111,0.0005,0.8245,2.3415,0.3502
1.4035,0.0005,0.8658,1.4115,0.3502
1.5719,0.0005,0.6878,1.5412,0.3420
1.7453,0.0004,0.6884,1.6236,0.3430
2.2665,0.0005,0.8360,1.8203,0.3484
1.3110,0.0006,1.2550,1.3356,0.3484
1.8346,0.0008,0.9967,2.2535,0.3481
1.5950,0.0008,1.0590,1.6600,0.3567
1.5114,0.0008,1.0415,1.4968,0.3416
1.1859,0.0006,1.1642,1.1569,0.3479
1.6737,0.0007,0.8785,1.6773,0.3508
1.3327,0.0006,1.1354,1.3375,0.3513
1.4248,0.0006,0.8631,1.4270,0.3496
1.1295,0.0006,0.8171,0.9613,0.3496
2.1397,0.0009,0.8207,2.2471,0.3505
1.8384,0.0008,0.9542,1.8137,0.3607
1.4555,0.0006,1.1545,1.4927,0.3689
1.3363,0.0006,0.9375,1.3641,0.3689
1.7787,0.0006,0.7722,1.7465,0.3551
1.4374,0.0009,0.8250,1.4523,0.3440
1.4763,0.0007,0.8298,1.3741,0.3582
1.2906,0.0005,0.9171,1.3529,0.3582
1.9839,0.0006,0.8629,1.9848,0.3468
0.9639,0.0004,1.0557,0.9069,0.3468
1.8993,0.0006,0.8053,1.9361,0.3352
1.6690,0.0006,0.8163,1.5451,0.3643
1.6741,0.0005,0.9638,1.7871,0.3643
2.1645,0.0005,0.8502,2.1262,0.3647
1.2907,0.0005,1.0124,1.2336,0.3501
1.6524,0.0005,1.0997,1.7566,0.3566
1.9127,0.0005,0.7700,1.7806,0.3539
1.2505,0.0005,0.9110,1.2896,0.3539
2.2055,0.0005,0.8989,2.1926,0.3411
1.6808,0.0011,0.9947,1.6949,0.3565
1.8372,0.0010,1.0814,1.8381,0.3516
1.8548,0.0009,1.1998,1.7656,0.3688
1.6103,0.0008,1.2495,1.5202,0.3688
1.8809,0.0007,1.4608,2.0239,0.3420
1.7884,0.0005,1.2240,1.8043,0.3688
1.8857,0.0008,1.1503,1.8664,0.3688
1.5555,0.0006,1.2312,1.4018,0.3420
2.3201,0.0007,1.0146,2.3488,0.3555
1.1992,0.0007,1.0144,0.9812,0.3555
2.2124,0.0007,1.1611,2.5298,0.3402
1.3881,0.0007,0.8487,1.4185,0.3467
1.6609,0.0008,0.8833,1.6213,0.3467
1.6678,0.0006,0.9151,1.6821,0.3574
1.8715,0.0006,0.8478,1.8579,0.3525
1.8828,0.0005,0.8737,1.8663,0.3518
1.4099,0.0005,0.8441,1.4403,0.3489
1.3303,0.0004,0.9295,1.3446,0.3489
1.8483,0.0006,0.7372,1.7825,0.3465
1.6422,0.0006,0.9936,1.5044,0.3489
1.5733,0.0005,1.4616,1.6958,0.3688
1.6589,0.0006,0.9063,1.6509,0.3526
1.5780,0.0007,0.8995,1.5649,0.3526
2.3952,0.0009,0.8571,2.1896,0.3873
1.4950,0.0007,1.0531,1.6322,0.3641
1.4398,0.0005,0.8880,1.2478,0.3641
1.5702,0.0007,0.7518,1.8061,0.3490
1.3693,0.0006,0.7615,1.3482,0.3618
1.4506,0.0004,0.6864,1.2851,0.3379
1.8396,0.0005,0.7251,1.7472,0.3420
1.8708,0.0168,0.8774,1.9657,0.3662
1.4192,0.0005,1.1150,1.5502,0.3662
1.6079,0.0008,0.9657,1.5794,0.3552
2.1904,0.0007,1.0546,2.1603,0.3998
1.3543,0.0006,1.4257,1.4066,0.3465
1.7107,0.0007,0.8811,1.5134,0.3469
1.1065,0.0005,1.0013,1.2137,0.3469
1.8155,0.0006,0.8240,1.8853,0.3524
1.4582,0.0006,1.0125,1.3983,0.3524
2.1522,0.0006,1.0600,2.1779,0.3333
1.4984,0.0005,0.8398,1.4569,0.3516
1.4607,0.0005,0.9118,1.4286,0.3516
2.1511,0.0006,1.2172,2.0335,0.3497
1.5337,0.0007,1.5097,1.3677,0.3788
1.9471,0.0009,1.1256,2.2640,0.3438
1.5713,0.0006,1.0204,1.5983,0.3670
1.6463,0.0005,0.8286,1.3128,0.3670
1.6668,0.0007,0.9259,1.7464,0.3460
1.9382,0.0007,1.1193,1.8298,0.3612
1.9118,0.0006,1.0251,2.1146,0.3557
1.6029,0.0006,1.0031,1.7100,0.3334
1.7245,0.0008,0.9370,1.5314,0.3334
2.3177,0.0008,0.9912,2.4535,0.3755
1.3017,0.0005,1.0082,1.2556,0.3755
1.9068,0.0005,0.8901,1.9599,0.3679
1.8362,0.0006,1.0852,1.7959,0.3679
1.8824,0.0007,1.0741,1.9145,0.3506
2.0211,0.0005,1.0264,1.9787,0.3524
1.5019,0.0005,1.0647,1.5738,0.3524
1.6127,0.0006,0.8113,1.5859,0.3448
1.9515,0.0006,0.8162,1.5801,0.3496
1.6568,0.0009,1.1481,1.8310,0.3496
1.8763,0.0008,1.4587,1.9400,0.3671
2.1106,0.0006,1.0227,2.0748,0.3438
1.3999,0.0006,1.2244,1.5485,0.3438
1.8387,0.0006,1.0448,1.7668,0.3413
2.0956,0.0007,0.9225,2.1009,0.3368
2.3020,0.0005,1.0987,2.1477,0.3483
1.6284,0.0004,1.1911,1.7740,0.3329
1.2667,0.0003,1.0741,1.3151,0.3329
1.8049,0.0007,0.9432,1.5180,0.3663
1.7936,0.0008,1.4207,1.5813,0.5478
2.2453,0.0010,1.1271,2.5707,0.3488
1.5500,0.0008,1.2353,1.2917,0.3553
1.3233,0.0007,1.3742,1.7306,0.3308
1.9662,0.0006,0.7180,1.7307,0.3308
1.8302,0.0006,0.8567,1.8500,0.3499
1.5386,0.0007,1.2435,1.6336,0.3499
2.1826,0.0005,0.9673,2.2466,0.3537
1.5010,0.0007,0.8727,1.4561,0.3537
1.7782,0.0006,1.0776,1.6781,0.3412
2.2442,0.0005,1.0762,2.3220,0.3541
1.3062,0.0008,0.8950,1.3475,0.3541
1.7907,0.0005,0.8388,1.6819,0.3460
0.8786,0.0005,0.9286,0.9349,0.3460
1.7065,0.0005,0.8137,1.4249,0.3456
2.1041,0.0006,1.0182,2.3442,0.3655
1.3237,0.0006,1.0661,1.3702,0.3439
1.3577,0.0004,0.7805,1.3960,0.3439
1.7957,0.0006,0.7492,1.5857,0.3443
2.1962,0.0006,1.0809,2.1321,0.3527
1.5737,0.0007,1.3129,1.3867,0.3412
1.5449,0.0007,0.9511,1.6407,0.3412
2.2983,0.0006,0.9800,2.3330,0.3510
1.2388,0.0007,1.1009,1.4811,0.3382
1.7116,0.0007,0.8787,1.5062,0.3382
2.0514,0.0005,0.8515,2.1924,0.3436
1.7413,0.0007,0.8283,1.6672,0.3458
1.9710,0.0009,0.9475,1.8364,0.3550
1.6146,0.0008,1.3972,1.6515,0.3550
1.4647,0.0005,1.6685,1.5898,0.3446
1.6455,0.0006,1.1295,1.2224,0.3707
1.6021,0.0004,1.0927,1.9909,0.3707
2.0623,0.0005,1.0650,2.0682,0.3466
1.4568,0.0177,1.0344,1.1360,0.3466
1.5153,0.0005,1.1332,1.7680,0.3470
1.5066,0.0005,0.9694,1.4293,0.3559
1.9273,0.0006,1.0132,1.7381,0.3663
1.5126,0.0006,1.0464,1.7266,0.3542
1.7101,0.0006,1.0899,1.7984,0.3620
1.9674,0.0009,1.0654,1.9445,0.3608
1.6621,0.0012,1.2991,1.5582,0.3594
1.2993,0.0009,1.0334,1.3389,0.3594
1.8473,0.0007,1.1051,1.7983,0.3511
1.2458,0.0008,1.0228,1.3153,0.3415
1.5070,0.0004,0.8784,1.5677,0.3533
1.5447,0.0006,0.9083,1.4181,0.3533
1.9368,0.0010,0.8878,2.0149,0.3484
1.2339,0.0006,1.1304,1.2782,0.3484
1.8772,0.0010,0.8158,1.6507,0.3550
2.6656,0.0010,1.0107,2.6648,0.3612
1.5629,0.0005,1.2094,1.7283,0.3528
2.1730,0.0008,1.0906,2.1497,0.3581
1.7010,0.0007,0.8850,1.6596,0.3441
1.6701,0.0006,0.9331,1.7039,0.3489
1.5598,0.0009,0.8974,1.4544,0.3493
1.3625,0.0007,0.9869,1.2124,0.3493
1.7816,0.0009,0.8597,1.7450,0.3415
2.1253,0.0007,0.8573,1.9020,0.3479
2.0987,0.0006,1.1990,2.3967,0.3734
1.3150,0.0006,1.2800,1.5247,0.3635
1.5131,0.0006,1.0028,1.3495,0.3455
1.4744,0.0005,0.9546,1.5300,0.3636
1.6562,0.0006,0.9175,1.7139,0.3465
1.4227,0.0007,0.8393,1.4338,0.3597
1.4421,0.0006,0.8335,1.4675,0.3736
1.6218,0.0010,0.7631,1.5348,0.3736
1.5896,0.0005,0.8970,1.4446,0.3495
2.0786,0.0007,0.8728,2.2092,0.3305
1.6671,0.0006,0.9715,1.5766,0.3588
1.6310,0.0006,1.2600,1.7342,0.3562
2.1388,0.0005,1.0844,2.1199,0.3579
1.7769,0.0006,0.8889,1.6978,0.3432
1.9758,0.0007,0.9370,2.0491,0.3331
1.9563,0.0006,0.8475,1.9779,0.3444
1.9115,0.0009,0.8386,1.8190,0.3492
1.3141,0.0011,0.9073,1.2456,0.3492
2.2253,0.0008,0.9186,2.2323,0.3449
1.7245,0.0008,0.9931,1.6830,0.3449
1.9578,0.0007,1.1547,1.8026,0.6220
2.3494,0.0009,1.0335,2.4207,0.3597
1.4667,0.0011,1.2808,0.8665,0.3483
0.8960,0.0010,1.2927,1.2389,0.3535
1.6498,0.0007,0.8402,1.9357,0.3641
1.0931,0.0009,0.8358,0.9356,0.3581
1.6262,0.0008,1.0459,1.6160,0.3581
1.6447,0.0006,0.9539,1.8236,0.3476
1.6071,0.0006,0.9926,1.2677,0.3582
1.8722,0.0013,1.3350,2.1587,0.3623
1.3450,0.0010,1.1957,1.2710,0.3852
1.4501,0.0006,1.0878,1.2673,0.3852
2.0571,0.0008,0.9137,2.3172,0.3684
1.6027,0.0004,1.0245,1.0824,0.3501
1.9178,0.0006,0.9150,2.4508,0.3420
1.8495,0.0007,0.8512,1.8376,0.3423
1.5134,0.0007,0.8296,1.4742,0.3544
1.5936,0.0009,0.8465,1.5676,0.3544
2.1297,0.0009,0.8239,1.9359,0.3422
1.4402,0.0008,1.3850,1.4424,0.3422
1.9141,0.0009,1.1614,1.9804,0.3925
1.4802,0.0005,1.0404,1.2083,0.3925
1.7391,0.0005,0.8738,1.9715,0.3464
1.5681,0.0010,0.9127,1.7021,0.3528
1.4881,0.0006,0.9855,1.3120,0.3528
2.2299,0.0008,1.0440,2.2235,0.3496
1.7721,0.0007,1.1871,1.8473,0.3482
1.6134,0.0005,1.0678,1.5081,0.3482
1.9160,0.0013,1.2058,1.9633,0.3625
1.6652,0.0010,1.1515,1.7409,0.3476
1.3578,0.0005,1.0241,1.1807,0.3476
1.4990,0.0007,0.8663,1.7464,0.3510
1.3211,0.0006,0.8888,1.2792,0.3510
1.6439,0.0006,1.0179,1.6773,0.3732
1.4021,0.0008,0.8594,1.2738,0.3732
1.7055,0.0004,1.1495,1.5717,0.3610
1.9283,0.0005,1.1881,2.1582,0.3658
1.4672,0.0006,1.0712,1.2103,0.3658
1.6345,0.0007,0.9848,1.7393,0.3545
2.0392,0.0008,0.7666,2.1544,0.3367
1.7973,0.0007,1.3715,0.8417,0.4094
1.1291,0.0006,1.4636,1.1561,0.3620
1.1254,0.0006,0.9547,1.4024,0.3476
1.6041,0.0005,0.8664,1.7202,0.3476
1.6312,0.0005,0.7884,1.6657,0.3555
2.0900,0.0006,1.4277,2.0590,0.3525
1.2810,0.0005,1.0636,1.3203,0.3517
1.8188,0.0007,0.8871,1.6477,0.3517
1.5935,0.0010,0.9939,1.5400,0.3688
2.2295,0.0009,1.3611,2.2390,0.3579
1.5393,0.0006,1.2130,1.6838,0.3792
2.0502,0.0005,1.0677,1.9665,0.3701
1.4463,0.0005,1.0979,1.5622,0.3417
1.3726,0.0004,0.8767,1.2305,0.3417
2.5877,0.0010,0.8186,2.6329,0.3391
1.8038,0.0009,1.0016,1.8235,0.3515
1.2195,0.0005,0.9350,1.2991,0.3515
1.7296,0.0007,0.7324,1.5415,0.3454
2.1098,0.0013,0.8380,2.2077,0.3550
1.5907,0.0007,1.2264,1.5943,0.3550
1.9045,0.0006,0.9345,1.8304,0.3563
1.5194,0.0003,1.0738,1.5533,0.3779
1.4418,0.0004,0.8916,1.5034,0.3779
1.7493,0.0006,0.7676,1.7040,0.3625
1.8451,0.0005,0.7996,1.8059,0.3547
1.7831,0.0005,0.9423,1.7490,0.3504
1.6492,0.0005,1.1740,1.7418,0.3391
1.8433,0.0004,0.8588,1.7156,0.3497
1.8330,0.0007,0.9380,1.8386,0.3636
1.5637,0.0006,1.0940,1.6198,0.3599
1.8403,0.0007,1.4516,1.7335,0.3599
2.3998,0.0009,0.9062,2.4050,0.3570
1.3631,0.0005,1.0125,1.1593,0.3345
2.1302,0.0006,0.9815,2.4177,0.3475
1.2412,0.0004,1.0338,1.2637,0.3475
1.5309,0.0005,0.8330,1.1952,0.3470
1.7442,0.0005,0.8435,1.5671,0.3417
1.7963,0.0006,0.8714,2.0958,0.3329
1.7372,0.0005,1.0185,1.8898,0.3659
1.6565,0.0007,1.1180,1.5540,0.3587
2.0064,0.0006,1.3532,2.0951,0.3473
1.6487,0.0005,0.9490,1.5577,0.3520
1.4604,0.0007,0.9643,1.2893,0.3520
1.7746,0.0004,0.9169,1.9650,0.3458
1.5100,0.0005,1.0544,1.2186,0.3477
1.7837,0.0006,0.8638,2.1436,0.3441
2.1143,0.0006,0.8343,1.9669,0.3515
1.7921,0.0006,1.2529,1.8279,0.3359
1.5138,0.0007,1.0175,1.5471,0.3359
2.1511,0.0007,1.0464,1.9605,0.3610
1.1445,0.0007,1.1852,1.3611,0.3610
1.8906,0.0009,0.8593,1.6881,0.3455
1.5920,0.0007,0.7825,1.7208,0.3401
1.9776,0.0006,0.8119,1.9731,0.3486
1.7562,0.0009,1.0068,1.7757,0.3344
1.7934,0.0005,1.2002,1.6891,0.3531
1.6793,0.0005,1.1608,1.6661,0.3531
2.2235,0.0006,1.1029,2.2705,0.3456
1.8548,0.0006,1.4792,1.5928,0.3704
2.1865,0.0008,1.1270,2.4772,0.3714
1.6401,0.0008,0.9678,1.6516,0.3501
1.8650,0.0005,0.9606,1.8671,0.3494
1.6302,0.0004,1.1502,1.5483,0.3462
1.3614,0.0008,1.0812,1.1737,0.3462
1.9651,0.0005,0.9429,2.2225,0.3503
1.4163,0.0003,0.8519,1.4397,0.3629
1.1221,0.0004,0.6592,1.0415,0.3629
1.7638,0.0006,0.7342,1.6943,0.3556
2.5836,0.0007,0.9610,2.6253,0.3563
1.5166,0.0007,0.8881,1.5216,0.3501
1.5940,0.0004,0.7809,1.6134,0.3382
0.9159,0.0004,0.7263,0.9628,0.3382
2.0761,0.0005,0.6215,1.8985,0.3380
0.8692,0.0006,0.7973,1.0532,0.3380
1.6062,0.0005,0.6523,1.1725,0.3479
2.6224,0.0005,0.7245,2.8761,0.3566
1.3708,0.0006,0.9749,0.9320,0.3566
1.8103,0.0006,1.3540,2.2830,0.3620
1.8347,0.0006,0.8955,1.8720,0.3488
1.4975,0.0004,0.8026,1.5372,0.3542
1.9478,0.0004,0.6856,1.9005,0.3500
1.6648,0.0004,0.7405,1.7081,0.3489
1.2098,0.0003,0.7030,0.9079,0.3489
1.7283,0.0003,0.7993,1.9439,0.3499
1.5876,0.0004,0.8760,1.5408,0.3377
1.5003,0.0004,0.8994,1.6109,0.3377
1.5196,0.0007,0.8055,1.2669,0.3454
1.8440,0.0005,0.8434,2.0012,0.3712
2.0274,0.0004,0.9875,2.0506,0.3577
1.4721,0.0005,0.9691,1.4275,0.3577
1.5619,0.0004,0.7694,1.2877,0.3562
1.7313,0.0004,0.7771,1.8981,0.3378
2.0376,0.0005,0.7979,2.1733,0.3388
1.5353,0.0004,0.7326,1.5136,0.3596
1.8901,0.0005,0.7490,1.8346,0.3438
1.4825,0.0005,0.8621,1.4865,0.3438
2.1337,0.0005,0.8555,2.1237,0.3714
1.3338,0.0004,0.8862,1.4068,0.3714
1.7031,0.0004,0.7754,1.6918,0.3686
1.4002,0.0327,0.6758,0.8914,0.3478
2.1544,0.0006,0.7969,2.6241,0.3383
1.0017,0.0004,0.7280,1.0430,0.3361
1.6190,0.0005,0.7868,1.5738,0.3570
1.8722,0.0006,0.7859,1.8265,0.3334
1.3749,0.0010,0.8372,1.3835,0.3514
1.4918,0.0008,1.0564,1.2521,0.3724
1.7319,0.0006,1.1037,1.9654,0.3504
1.8100,0.0006,1.1537,1.7571,0.3581
1.4709,0.0006,1.1288,1.1110,0.3581
1.7539,0.0006,0.9164,2.1338,0.3483
1.5136,0.0004,0.7642,1.5653,0.3483
1.8294,0.0004,0.7300,1.7337,0.3366
1.2209,0.0005,0.8222,1.2710,0.3508
1.8005,0.0004,0.8125,1.7266,0.3637
1.5729,0.0005,0.9136,1.4679,0.3646
1.2123,0.0007,1.1997,0.9882,0.3646
1.7289,0.0005,0.9844,2.0143,0.3530
1.4760,0.0005,0.9217,1.3029,0.3530
1.8686,0.0005,0.8996,1.9374,0.3815
1.3063,0.0005,1.1563,1.4903,0.3638
1.6281,0.0004,0.7159,1.6208,0.3450
1.4675,0.0003,0.6864,1.4758,0.3450
1.7914,0.0005,0.6627,1.6364,0.3335
1.5507,0.0007,0.8794,1.6312,0.3585
1.3571,0.0005,0.8058,1.2902,0.3585
1.8258,0.0009,1.3683,1.8751,0.3391
1.6963,0.0005,0.9196,1.3301,0.3391
1.9654,0.0010,0.8397,2.1672,0.3455
1.7068,0.0006,0.9741,1.7492,0.3455
1.9694,0.0005,1.1802,1.7096,0.3440
1.8358,0.0004,1.0758,2.1423,0.3539
1.3709,0.0004,0.8596,1.4546,0.3539
1.7141,0.0005,0.7895,1.7284,0.3581
1.4732,0.0005,0.7199,1.1967,0.3581
1.5207,0.0005,0.7035,1.6603,0.3625
1.6283,0.0004,0.7589,1.5135,0.3506
1.8218,0.0004,0.7478,2.0365,0.3514
1.2232,0.0003,0.8713,1.1783,0.3514
2.4093,0.0007,0.8788,2.2594,0.3409
1.3837,0.0004,1.2118,1.5578,0.3548
1.5687,0.0005,0.6983,1.4812,0.3520
1.5708,0.0004,0.7272,1.6423,0.3520
1.5818,0.0005,0.7545,1.5691,0.3457
1.3777,0.0005,0.8431,1.2810,0.3342
1.5130,0.0010,0.7884,1.5925,0.3342
1.6846,0.0004,0.7683,1.7153,0.3383
1.3852,0.0004,0.6524,1.2245,0.3501
1.3926,0.0004,0.8849,1.5494,0.3395
1.8826,0.0007,0.6278,1.7691,0.3415
1.5517,0.0007,1.2176,1.4719,0.3599
1.4925,0.0005,0.9321,1.3664,0.3848
1.6403,0.0004,0.6908,1.5765,0.3386
1.4549,0.0003,0.8182,1.6194,0.3386
1.7919,0.0004,0.7149,1.6211,0.3473
1.9151,0.0005,0.9075,2.1815,0.3366
1.3798,0.0004,0.9016,1.1101,0.3448
1.8825,0.0005,0.9115,2.1119,0.3491
1.2759,0.0004,0.8193,1.3044,0.3346
1.5261,0.0005,0.7186,1.5725,0.3346
2.1099,0.0005,0.6693,2.0627,0.3994
1.1486,0.0003,0.7992,1.2034,0.3994
1.5753,0.0005,0.7584,1.2640,0.3462
1.6800,0.0004,0.9741,1.9721,0.3615
1.5131,0.0005,0.6493,1.2907,0.3385
1.6202,0.0004,0.9017,1.6224,0.3404
1.1346,0.0010,1.0733,1.2094,0.3404
1.7331,0.0005,0.9408,1.8689,0.3504
1.8179,0.0003,0.6185,1.6776,0.3513
2.1738,0.0006,0.6470,2.1629,0.3479
1.3554,0.0004,0.7611,1.4606,0.3479
1.4160,0.0005,1.0540,1.4001,0.3689
1.7993,0.0004,0.9086,1.8087,0.3934
1.6403,0.0006,0.7378,1.6334,0.3688
1.5394,0.0005,0.7284,1.2293,0.3578
1.2307,0.0004,0.8507,1.5001,0.3578
1.5845,0.0004,0.8242,1.3513,0.3507
1.4456,0.0003,0.8589,1.5000,0.3507
2.2265,0.0005,0.6567,2.4110,0.3436
1.3346,0.0005,0.6874,1.2569,0.3503
1.3913,0.0004,0.7792,1.4598,0.3503
1.9329,0.0004,0.8034,1.9142,0.3583
1.3364,0.0004,0.7607,1.2691,0.3583
1.4289,0.0003,0.7533,1.2603,0.3281
1.8605,0.0004,0.6934,2.0052,0.3509
1.5968,0.0003,0.8299,1.4458,0.3562
1.8634,0.0004,0.7013,2.1131,0.3461
1.4754,0.0004,0.7010,1.1669,0.3548
1.2612,0.0004,0.7701,1.2908,0.3548
1.5147,0.0004,0.7603,1.5780,0.3455
1.4657,0.0003,0.7189,1.5169,0.3447
2.2965,0.0006,0.6714,2.2645,0.3858
1.1475,0.0004,0.9262,1.2866,0.3402
1.2765,0.0003,0.8208,1.2926,0.3474
1.3788,0.0003,0.7357,0.9604,0.3519
1.2367,0.0003,1.0207,1.6522,0.3548
1.3554,0.0004,0.7070,1.0339,0.3501
1.6218,0.0003,0.7703,1.8564,0.3501
1.6313,0.0006,0.6046,1.3239,0.3516
1.6222,0.0003,0.7111,1.9792,0.3552
1.3519,0.0003,0.5812,1.3814,0.3461
1.8279,0.0005,0.5958,1.7961,0.3623
1.3462,0.0004,0.5996,1.3240,0.3623
1.8432,0.0006,0.6726,1.6036,0.5234
1.7032,0.0005,0.7619,1.6464,0.3882
1.5146,0.0004,0.7747,1.6851,0.3420
1.3667,0.0005,0.8873,1.2759,0.3581
1.5217,0.0005,0.9791,1.7129,0.3434
1.4415,0.0005,0.7853,1.0798,0.3526
1.1311,0.0005,0.9107,1.3941,0.3526
1.4708,0.0005,0.7839,1.3586,0.3534
1.2646,0.0006,0.7729,1.4862,0.3534
1.2544,0.0004,0.6211,1.1250,0.3466
1.7619,0.0005,0.6645,1.4110,0.3689
1.7715,0.0006,1.2080,1.9404,0.3648
1.3417,0.0005,0.9689,1.0382,0.3454
1.1198,0.0004,0.9724,1.4622,0.3454
1.4517,0.0005,0.6869,1.1581,0.3375
1.3267,0.0003,0.8124,1.5119,0.3375
1.5100,0.0004,0.7863,1.1298,0.3405
1.5249,0.0004,0.9425,1.6876,0.3474
1.2426,0.0004,0.8778,1.4788,0.3474
1.4103,0.0004,0.7651,1.5232,0.3589
1.2605,0.0004,0.6073,0.9733,0.3515
1.8295,0.0006,0.7463,2.0643,0.3553
1.7989,0.0006,0.7324,1.7202,0.3553
1.4835,0.0006,0.8881,1.4955,0.3523
1.8200,0.0006,0.7798,1.7129,0.3522
0.8904,0.0004,0.8603,1.0539,0.3425
1.5153,0.0005,0.6841,1.2038,0.3533
1.2566,0.0004,0.8093,1.5513,0.3533
1.1732,0.0005,0.6476,0.9205,0.3510
1.6236,0.0004,0.6571,1.5525,0.3445
1.3911,0.0004,0.8436,1.4016,0.3452
1.1417,0.0004,0.7775,1.3207,0.3695
1.4511,0.0004,1.1336,1.3205,0.3525
1.2235,0.0004,0.9101,1.3249,0.3525
1.5873,0.0006,0.7475,1.5662,0.3694
1.7915,0.0005,0.8789,1.9006,0.3787
1.0499,0.0005,0.8024,0.9659,0.3573
1.0711,0.0004,0.8227,1.1744,0.3573
1.5708,0.0004,0.7985,1.5601,0.3489
1.5942,0.0005,0.6325,1.5962,0.3366
1.6211,0.0004,0.6404,1.6019,0.3509
1.0329,0.0004,0.7063,1.0299,0.3652
1.5498,0.0003,0.8170,1.5575,0.3681
1.1304,0.0004,0.6942,1.0849,0.3681
1.6111,0.0006,0.6975,1.4459,0.3494
1.4780,0.0005,0.8161,1.6476,0.3494
1.7326,0.0004,0.7313,1.7153,0.3529
1.7842,0.0005,0.7599,1.6657,0.3489
1.5103,0.0004,0.8372,1.3638,0.3489
1.7133,0.0006,0.7073,2.0121,0.3373
1.3723,0.0004,0.6085,1.3079,0.3373
1.5688,0.0005,0.6867,1.4509,0.3503
1.5171,0.0004,0.7826,1.5106,0.3565
1.9044,0.0004,0.6877,2.0582,0.3509
1.8183,0.0004,0.7260,1.8079,0.3495
1.7541,0.0004,0.6578,1.7332,0.3495
1.3903,0.0006,0.7031,1.3553,0.3393
1.6587,0.0004,1.0018,1.3824,0.3640
1.6371,0.0005,0.7989,1.6453,0.3448
1.3958,0.0005,0.7533,1.4329,0.3561
1.3926,0.0004,0.9131,1.4713,0.3561
1.8844,0.0006,0.7350,2.0735,0.3332
1.5839,0.0004,0.6933,1.4691,0.3418
1.4055,0.0005,0.7136,1.4487,0.3418
1.7517,0.0005,0.7595,1.8143,0.3458
1.3719,0.0005,0.6021,1.0892,0.3458
1.3778,0.0005,0.7158,1.4175,0.3511
1.8497,0.0005,0.9658,1.8133,0.3757
1.6498,0.0009,0.7835,1.6375,0.3373
1.4453,0.0006,0.9245,1.2415,0.3373
1.4281,0.0004,0.7686,1.5775,0.3549
1.3193,0.0005,0.9370,1.5681,0.3410
1.5107,0.0006,0.8661,1.4479,0.3673
1.3132,0.0006,0.8028,1.4084,0.3314
1.4366,0.0005,0.6501,1.2683,0.3692
1.2734,0.0005,0.9659,1.2459,0.3572
1.2883,0.0004,1.0301,1.4485,0.3572
1.2515,0.0003,0.6464,1.2492,0.3532
1.6529,0.0005,0.6948,1.5767,0.3564
1.7095,0.0005,1.1600,1.3103,0.3889
1.4736,0.0004,1.2692,1.8280,0.3508
1.3537,0.0005,0.7633,1.2562,0.3528
1.0393,0.0005,0.8408,1.1736,0.3528
1.4126,0.0004,0.7860,1.4006,0.3414
1.5075,0.0005,0.7168,1.4872,0.3445
1.3906,0.0005,0.7687,1.3349,0.3438
1.6557,0.0004,0.6710,1.5320,0.3559
1.1181,0.0005,1.0936,1.3972,0.3559
1.5040,0.0005,0.8925,1.4870,0.3431
1.7603,0.0006,0.7337,1.5339,0.3438
1.7112,0.0005,0.9027,1.8882,0.3610
1.2852,0.0004,0.8455,1.3037,0.3610
1.9982,0.0004,0.7571,1.9155,0.3530
1.4074,0.0005,0.6592,1.4757,0.3783
1.0530,0.0003,0.6652,1.0668,0.3783
1.3684,0.0004,0.6279,1.2410,0.3538
1.1799,0.0005,0.7746,1.1801,0.3538
2.0118,0.0004,0.7277,2.1226,0.3583
1.0126,0.0005,0.6490,0.8866,0.3583
1.4116,0.0004,0.6164,1.3363,0.3554
1.4216,0.0005,0.5999,1.5964,0.3476
1.5077,0.0005,0.6290,1.2304,0.3555
1.9715,0.0006,0.9539,2.1754,0.3711
1.2844,0.0004,0.7971,1.3132,0.3616
1.3287,0.0005,0.7276,1.3251,0.3566
1.0237,0.0006,0.7053,0.9500,0.3566
1.6020,0.0005,0.6710,1.3837,0.3366
1.6349,0.0003,0.8613,1.4696,0.3366
1.8625,0.0005,0.7994,2.0737,0.3490
1.4407,0.0004,1.0008,1.5676,0.3490
2.2561,0.0006,0.7346,2.2071,0.3521
1.2497,0.0009,1.0467,1.1121,0.3461
1.0286,0.0005,1.0076,1.2332,0.3461
1.5305,0.0005,0.7010,1.0438,0.3922
1.3458,0.0004,0.8437,1.8932,0.3922
1.4408,0.0004,0.7516,1.1832,0.3503
1.3068,0.0004,0.9601,1.2637,0.3503
1.5270,0.0005,0.6817,1.6600,0.3395
1.4500,0.0004,0.8542,1.6088,0.3419
1.4178,0.0003,0.6991,1.2371,0.3419
1.5998,0.0003,0.6474,1.4287,0.3515
1.2474,0.0004,0.8095,1.2598,0.3291
1.3238,0.0005,0.8040,1.3543,0.3506
1.2692,0.0004,0.9400,1.3227,0.3506
2.0901,0.0008,0.6509,1.8233,0.3553
1.6878,0.0004,1.3089,2.1055,0.3578
1.3774,0.0004,1.0008,1.4269,0.3432
1.3321,0.0005,0.6682,1.1597,0.3578
1.1603,0.0005,1.0828,1.1143,0.3578
1.3688,0.0004,0.9468,1.5090,0.3426
1.9961,0.0005,0.6481,2.0464,0.3516
1.0570,0.0004,0.6090,1.0324,0.3516
1.1687,0.0004,0.6787,1.1267,0.3598
1.7529,0.0003,0.7432,1.8327,0.3498
1.0245,0.0004,0.6376,0.7855,0.3613
1.4721,0.0005,0.8965,1.2909,0.3613
1.2553,0.0005,1.2951,1.5195,0.3764
1.3156,0.0004,0.9932,1.2647,0.3730
1.5356,0.0004,0.9261,1.4248,0.3533
1.8841,0.0006,0.6330,2.1260,0.3523
1.2711,0.0004,0.8731,1.2828,0.3657
1.2679,0.0003,0.6696,1.2546,0.3416
1.2172,0.0004,0.7496,1.2384,0.3562
1.0668,0.0004,0.8196,1.0649,0.3562
1.1622,0.0003,0.6879,1.1537,0.3586
1.4637,0.0004,0.6448,1.2399,0.3582
1.2657,0.0005,0.7462,1.4643,0.3364
1.4750,0.0004,0.7851,1.2598,0.3364
1.8048,0.0005,0.7432,1.5679,0.3632
0.9870,0.0005,1.3257,1.2961,0.3632
1.4756,0.0005,0.8537,1.3025,0.3481
1.4293,0.0004,0.6773,1.7049,0.3550
2.0085,0.0005,0.6828,1.4625,0.3332
1.4670,0.0005,0.9555,1.7627,0.3491
1.4204,0.0004,0.8481,1.6440,0.3491
1.8529,0.0004,0.6631,1.8589,0.3488
1.1122,0.0004,0.6816,1.0487,0.3488
1.2917,0.0003,0.6777,1.2560,0.3508
1.4306,0.0004,0.6379,1.2970,0.3398
1.4020,0.0005,0.8668,1.4267,0.3417
1.3625,0.0004,1.0154,1.4542,0.3940
1.7185,0.0006,1.2059,1.6813,0.3938
2.1537,0.0008,0.7737,2.2478,0.3490
1.4466,0.0003,0.7251,1.4439,0.3538
0.9502,0.0003,0.7783,0.9654,0.3538
2.0600,0.0004,0.6043,2.0197,0.3641
1.5911,0.0007,0.6212,1.5229,0.3473
0.9012,0.0004,0.7250,0.7362,0.3473
2.0769,0.0003,0.6448,2.3587,0.3441
0.8495,0.0003,0.7383,0.8581,0.3441
1.5369,0.0004,0.5986,1.2120,0.3614
1.5320,0.0005,0.7772,1.7152,0.3949
2.5487,0.0005,0.9172,2.4562,0.3478
1.4052,0.0003,0.9242,1.5657,0.3457
1.5626,0.0006,0.6705,1.4396,0.3592
1.3238,0.0005,0.7986,1.2280,0.3393
1.6135,0.0004,0.8783,1.7278,0.3393
1.5524,0.0005,0.7141,1.4108,0.3511
1.6010,0.0005,0.7937,1.7173,0.3481
1.4525,0.0004,0.6793,1.4621,0.3444
2.0120,0.0009,0.6433,2.0000,0.6342
1.4528,0.0005,0.8796,1.3846,0.6342
1.8095,0.0005,0.9826,1.8437,0.3376
1.1344,0.0004,0.9063,0.9600,0.3362
1.3623,0.0005,0.7987,1.6731,0.3503
1.7097,0.0006,0.6201,1.5649,0.3503
1.2944,0.0004,0.7681,1.1622,0.3578
1.0239,0.0005,0.7910,1.2894,0.3533
1.3151,0.0005,0.6562,1.2066,0.3456
1.3560,0.0007,0.6777,1.4185,0.3452
1.3045,0.0005,0.6286,1.2265,0.3566
1.4616,0.0005,0.7676,1.4244,0.3601
1.7336,0.0007,0.6931,1.7308,0.3631
1.5344,0.0006,0.8428,1.5221,0.3717
1.7620,0.0005,0.8300,1.8697,0.3507
1.2738,0.0007,0.6955,1.2570,0.3558
0.9730,0.0005,0.6471,1.0155,0.3558
1.4832,0.0007,0.6172,1.1096,0.3579
1.2445,0.0004,0.7677,1.6066,0.3416
1.2728,0.0004,0.6346,1.0635,0.3599
1.4579,0.0005,0.8155,1.6508,0.3568
1.0789,0.0005,0.6569,1.0044,0.3568
1.2460,0.0005,0.7542,1.1197,0.3460
1.3398,0.0005,0.7978,1.3206,0.3460
1.4154,0.0005,0.6904,1.5707,0.3468
1.4135,0.0006,0.8035,1.3403,0.9434
1.5207,0.0005,0.7515,1.4020,0.3634
1.3735,0.0004,0.8002,1.4636,0.3634
1.4458,0.0005,0.6455,1.2931,0.3545
1.1024,0.0004,0.7941,1.3770,0.3601
1.2072,0.0005,0.6495,0.9268,0.3601
1.1234,0.0003,0.8114,1.3827,0.3438
1.3110,0.0004,0.7343,0.9639,0.3309
1.1602,0.0004,0.7995,1.4182,0.3309
1.4203,0.0003,0.6688,1.2881,0.3604
1.9267,0.0004,0.6411,1.7261,0.3598
1.2503,0.0004,0.7947,1.5508,0.3737
1.7511,0.0005,0.8360,1.7621,0.3624
1.1273,0.0005,1.0029,1.1674,0.3597
1.3877,0.0004,0.7051,1.0337,0.3440
1.5062,0.0003,0.8524,1.6377,0.3440
1.6045,0.0003,0.6375,1.4947,0.3490
1.4505,0.0004,0.7668,1.7651,0.3364
1.5689,0.0004,0.6568,1.5327,0.3497
1.5688,0.0005,0.7329,1.3054,0.3341
1.5812,0.0005,0.9397,1.6242,0.3413
1.6479,0.0004,0.9955,1.6846,0.3413
1.8288,0.0004,0.8003,1.9744,0.3453
1.5866,0.0004,0.9614,1.0869,0.3666
2.0502,0.0005,0.8973,2.4347,0.3692
1.5151,0.0004,0.8831,1.6572,0.3300
1.2584,0.0006,0.8174,1.1100,0.3407
1.7607,0.0004,0.6965,1.6050,0.3485
1.5759,0.0004,0.8195,1.5754,0.3457
1.8117,0.0007,0.7979,2.0962,0.3457
1.6528,0.0003,0.7484,1.6486,0.3470
1.3482,0.0004,0.6700,1.3690,0.3470
1.4592,0.0005,0.5925,1.3770,0.3338
1.5470,0.0006,0.7672,1.5430,0.3494
1.9134,0.0005,0.8780,1.8759,0.3489
1.2730,0.0006,0.9741,1.3673,0.3489
1.3847,0.0005,0.6528,1.3377,0.3373
1.4215,0.0006,0.6682,1.3104,0.3649
1.2796,0.0003,0.6912,1.3256,0.3466
1.2325,0.0003,0.6068,1.3374,0.3592
1.7939,0.0004,0.6934,1.7641,0.3656
1.4333,0.0003,0.6935,1.4667,0.3695
1.3197,0.0003,0.5928,1.2993,0.3695
1.3619,0.0006,0.6094,1.2741,0.3421
1.7332,0.0005,0.6903,1.7482,0.3330
1.8401,0.0004,0.7174,1.6829,0.3786
1.5929,0.0005,0.8571,1.7825,0.3663
1.2433,0.0004,0.6475,0.9582,0.3324
1.8286,0.0004,0.6546,2.1166,0.3332
1.4867,0.0004,0.6166,1.1691,0.3449
1.4324,0.0005,0.7961,1.4455,0.3557
1.6578,0.0004,0.8081,1.6393,0.3575
1.5256,0.0005,0.7618,1.6276,0.3494
1.7236,0.0004,0.8988,1.9175,0.3396
1.3260,0.0005,0.7161,1.1230,0.3363
2.2511,0.0007,0.7267,2.3513,0.3500
1.2887,0.0004,0.8442,1.3474,0.3649
1.0737,0.0004,0.7695,1.1096,0.3649
1.7083,0.0003,0.6391,1.6705,0.3543
1.8331,0.0003,0.6423,1.7522,0.3630
1.3602,0.0004,0.7244,1.4252,0.3320
1.2778,0.0004,0.6382,1.2672,0.3402
1.4302,0.0003,0.6556,1.3412,0.3402
1.4938,0.0004,0.6383,1.4068,0.3545
1.2929,0.0004,0.6439,1.4636,0.3465
1.3278,0.0004,0.6400,1.2292,0.3543
1.7291,0.0004,0.7944,1.5165,0.3767
1.5518,0.0004,0.7832,1.6820,0.3801
2.0086,0.0004,0.7644,2.1408,0.3564
1.1302,0.0004,0.6992,0.9098,0.3564
1.6138,0.0005,0.6457,1.5535,0.3545
1.2603,0.0009,0.8163,1.5025,0.3545
1.9229,0.0004,0.9745,1.9511,0.3578
0.8804,0.0003,0.6476,0.8494,0.3578
1.7784,0.0004,0.5959,1.8459,0.3533
1.2791,0.0004,0.5814,0.8913,0.3361
1.3081,0.0004,0.7257,1.6949,0.3361
1.8504,0.0004,0.6168,1.7635,0.3651
1.3982,0.0005,0.8287,1.3143,0.3651
1.6462,0.0005,0.8951,1.6957,0.3377
1.3684,0.0003,0.7761,1.2999,0.3377
2.0748,0.0004,0.6680,2.1055,0.3523
1.3908,0.0004,0.7647,1.4702,0.3403
1.7027,0.0004,0.6738,1.7106,0.3501
1.4159,0.0006,0.6611,1.4129,0.3587
1.7442,0.0005,0.6278,1.7233,0.3640
1.0283,0.0005,0.6600,0.9799,0.3640
1.2287,0.0004,0.6745,1.2648,0.3513
1.6389,0.0006,0.8334,1.5821,0.3648
1.6680,0.0004,0.7989,1.2638,0.3627
1.2642,0.0004,0.9199,1.7370,0.3627
1.5763,0.0006,0.6376,1.1331,0.3464
1.2750,0.0010,0.8739,1.5701,0.3464
1.4720,0.0003,0.8975,1.5729,0.3478
1.3979,0.0005,0.6487,1.0226,0.3393
1.2977,0.0004,0.7793,1.6438,0.3476
1.0150,0.0004,0.6342,1.0156,0.3476
1.3367,0.0005,0.6420,1.1637,0.3495
1.3169,0.0004,0.8090,1.1873,0.3460
1.3846,0.0004,0.7918,1.4702,0.3575
1.1750,0.0005,0.8808,1.2128,0.3575
1.5879,0.0005,0.8221,1.5622,0.3799
1.4869,0.0004,0.8177,1.4158,0.3974
1.3896,0.0004,0.8545,1.5775,0.3468
15.4267,0.0007,14.9395,1.4043,0.3655
1.1893,0.0007,1.3687,1.7319,0.3655
1.3358,0.0008,1.1603,1.1893,0.3655
2.0358,0.0005,0.7357,2.2489,0.3465
1.2964,0.0005,0.7792,1.2594,0.3465
1.8851,0.0004,0.7827,1.9267,0.3569
1.3581,0.0005,0.7524,1.4172,0.3406
1.3176,0.0003,0.7657,1.0987,0.3406
1.5003,0.0003,0.7119,1.4448,0.3358
1.7219,0.0005,0.6971,1.9561,0.3393
1.4327,0.0005,1.0574,1.4519,0.3915
1.8960,0.0005,1.0988,1.6040,0.3452
1.6122,0.0004,0.8544,1.9478,0.3452
1.8098,0.0003,0.6496,1.7224,0.3394
1.4602,0.0003,0.6848,1.4341,0.3351
1.6961,0.0003,0.7108,1.6639,0.3419
1.0557,0.0004,0.7504,1.0394,0.3419
1.7806,0.0003,0.6469,1.8279,0.3504
1.3298,0.0004,0.7903,1.0126,0.3506
1.1749,0.0003,0.9436,1.3991,0.3506
2.2540,0.0007,0.7687,1.8937,0.3972
1.3748,0.0005,1.3430,1.8549,0.3972
1.5878,0.0004,0.8123,1.6143,0.3613
1.1568,0.0004,0.6159,1.1347,0.3449
1.4768,0.0005,0.7014,1.1659,0.3352
1.3133,0.0004,0.9861,1.6551,0.3352
1.6332,0.0004,0.6822,1.6078,0.3330
1.6817,0.0005,0.7184,1.5018,0.3330
2.1015,0.0005,0.6226,2.1207,0.3536
1.2496,0.0005,0.8203,1.2704,0.3402
1.4261,0.0010,0.8671,1.3900,0.3402
2.2296,0.0006,0.8032,1.9594,0.3736
1.4396,0.0005,1.2848,1.7972,0.3510
1.0945,0.0005,0.8225,0.9586,0.3510
1.8335,0.0003,0.7969,1.8213,0.3476
1.3903,0.0004,0.8409,1.5018,0.3476
1.2434,0.0004,0.7952,1.0932,0.3633
1.1469,0.0004,1.0857,1.1810,0.3553
1.3166,0.0004,0.9682,1.1650,0.3572
1.4542,0.0005,0.8002,1.4219,0.3572
1.7828,0.0007,0.7145,2.1218,0.3536
1.3560,0.0008,0.7048,1.1123,0.3536
2.4551,0.0007,0.9311,2.2688,0.3459
0.8444,0.0004,1.2070,0.7710,0.3928
1.3779,0.0005,0.7579,1.3847,0.3560
1.3161,0.0004,0.7526,1.5007,0.3560
1.5944,0.0004,0.6673,1.7351,0.3489
1.7098,0.0004,0.6252,1.7092,0.3601
1.2302,0.0004,0.6144,1.0751,0.3601
1.0667,0.0004,0.7304,1.2143,0.3418
1.4368,0.0005,0.6242,1.2338,0.3384
1.3925,0.0006,0.7173,1.4456,0.3392
1.3196,0.0004,0.8517,1.3436,0.3638
1.6079,0.0005,0.8691,1.4603,0.3688
1.6325,0.0005,0.7757,1.5419,0.3688
1.3251,0.0005,0.8570,1.6604,0.3716
1.3950,0.0004,0.6814,1.1715,0.3515
2.1404,0.0006,0.6293,2.3229,0.3481
1.3614,0.0005,0.7476,1.3929,0.3339
1.6664,0.0004,0.6887,1.6244,0.3486
1.3451,0.0004,0.6662,1.3676,0.3629
1.2125,0.0006,0.6408,0.9413,0.3629
1.5919,0.0006,0.6345,1.6983,0.3510
1.6173,0.0004,0.8231,1.6788,0.3522
1.6897,0.0008,0.7925,1.4833,0.3522
1.7720,0.0005,0.8224,1.6884,0.5415
1.5717,0.0005,0.8375,1.8064,0.3418
1.2353,0.0005,1.1022,0.9702,0.3418
1.9641,0.0007,0.6698,2.3202,0.3517
1.0127,0.0005,0.6704,1.0296,0.3517
1.3812,0.0005,0.6957,1.1120,0.3605
1.8163,0.0004,0.8267,2.0769,0.3551
1.1395,0.0005,0.5903,0.8908,0.3551
1.3743,0.0006,0.6990,1.4251,0.3472
1.2455,0.0003,0.6192,1.4110,0.3420
1.7805,0.0004,0.6127,1.4444,0.3546
1.0546,0.0005,0.9410,1.2330,0.3546
1.6779,0.0005,1.1424,1.5114,0.3482
1.6051,0.0006,0.9898,1.8863,0.3581
1.2317,0.0004,0.7178,1.2587,0.3502
1.2469,0.0007,0.6679,1.2429,0.3627
1.2003,0.0004,0.6700,1.1950,0.3408
1.0990,0.0004,0.6460,1.1075,0.3408
1.7970,0.0004,0.6463,1.7203,0.3484
1.0549,0.0005,0.8559,1.1106,0.3579
1.5145,0.0005,0.7103,1.3689,0.3506
1.3916,0.0007,0.8722,1.2099,0.3506
1.6287,0.0005,0.9106,1.8740,0.3533
1.6569,0.0005,0.7733,1.1509,0.3886
1.1542,0.0006,1.1538,1.3970,0.3886
1.5183,0.0004,0.8023,1.5977,0.3630
1.3200,0.0004,0.6703,1.5510,0.3362
1.4743,0.0004,0.6410,1.3994,0.3450
1.3411,0.0004,0.7321,1.4230,0.3463
1.0387,0.0003,0.6301,1.0086,0.3463
1.5182,0.0005,0.6216,1.3431,0.3670
1.6983,0.0007,0.7004,1.5175,0.3528
1.5514,0.0005,0.9143,1.5777,0.3528
1.4963,0.0005,0.6927,1.6542,0.3464
1.8324,0.0005,0.6486,1.7652,0.3423
1.9761,0.0006,0.9237,1.7375,0.3506
1.2954,0.0004,1.0614,1.4942,0.3506
1.6847,0.0004,0.7577,1.6466,0.3385
1.5534,0.0004,0.8150,1.4976,0.3359
1.2549,0.0005,0.8266,1.4635,0.3511
1.1707,0.0004,0.8294,1.1950,0.3511
1.5112,0.0005,0.6835,1.4483,0.3530
1.3478,0.0004,0.6968,1.4951,0.3569
1.1441,0.0004,0.5768,1.0417,0.3598
1.6981,0.0004,0.5937,1.4134,0.3383
0.9988,0.0005,0.8936,1.3668,0.3383
1.7206,0.0008,0.7720,1.4739,0.3532
1.6649,0.0005,0.8270,1.7325,0.5401
1.2746,0.0004,0.8377,1.3754,0.3473
1.4554,0.0004,1.0224,1.4408,0.3519
1.9156,0.0007,0.7892,1.8512,0.3446
1.3854,0.0007,0.9152,1.2657,0.3446
2.1331,0.0008,0.9637,2.2828,0.3414
1.4014,0.0005,0.8959,1.4234,0.3365
1.7393,0.0005,0.8104,1.7084,0.3468
2.0966,0.0008,0.8750,2.0277,0.3529
1.6169,0.0008,1.1019,1.6747,0.3529
1.5713,0.0005,0.9789,1.4597,0.3881
1.6429,0.0006,0.7878,1.5981,0.3599
2.0366,0.0008,0.7679,1.9427,0.3464
2.0857,0.0006,0.8750,2.2482,0.3549
1.2825,0.0006,1.0767,1.3463,0.3410
1.4972,0.0007,1.1486,1.3605,0.3589
1.6939,0.0004,0.9645,1.8153,0.3539
1.3026,0.0005,0.7615,1.3173,0.3482
2.0855,0.0005,0.8100,2.0492,0.3532
1.4452,0.0006,0.9558,1.1254,0.3791
1.1271,0.0005,1.2262,1.4872,0.3791
1.7145,0.0004,0.7514,1.7281,0.3722
1.6694,0.0004,0.6813,1.2786,0.3722
2.3029,0.0006,0.7192,2.4689,0.3619
1.3247,0.0005,1.5242,1.0025,0.3452
1.7851,0.0004,1.2179,2.1090,0.3452
2.1663,0.0005,0.7105,2.3034,0.3581
1.2468,0.0004,0.7963,1.2433,0.3581
1.8509,0.0007,0.7828,1.7935,0.3568
1.6493,0.0006,1.1020,1.6541,0.3517
1.4543,0.0006,1.1338,1.4469,0.3592
2.1356,0.0007,1.0990,2.0330,0.3682
1.3706,0.0008,1.1368,1.3781,0.3682
2.0205,0.0008,1.1351,2.0735,0.3491
1.9149,0.0007,0.8988,1.9317,0.3574
1.3822,0.0008,0.9364,1.1357,0.3574
2.4457,0.0006,1.1795,2.6616,0.3442
1.5956,0.0006,1.0569,1.5274,0.3396
1.7825,0.0006,0.9409,1.6762,0.3396
1.6817,0.0009,0.9413,1.5154,0.3788
1.7124,0.0006,1.0741,1.8639,0.3562
1.5538,0.0008,0.8981,1.5663,0.3515
1.3879,0.0005,0.9685,1.2612,0.3515
1.9176,0.0007,1.0744,1.9472,0.3448
1.9866,0.0005,1.1060,2.0646,0.3614
1.5533,0.0178,1.0272,1.1835,0.3614
1.6323,0.0007,0.9083,1.9294,0.3563
1.6754,0.0007,0.9258,1.2708,0.3450
2.3188,0.0008,0.9846,2.6868,0.3739
1.4985,0.0006,0.9614,1.5186,0.3739
1.9958,0.0005,0.9592,1.9363,0.3477
1.6329,0.0007,0.9476,1.7674,0.3557
1.6579,0.0006,0.8439,1.6418,0.3557
1.9109,0.0007,0.7974,1.7890,0.3490
1.8349,0.0007,0.8895,1.8160,0.3446
1.2766,0.0006,0.9856,1.1543,0.3446
1.8935,0.0005,0.9081,2.1148,0.3510
1.5903,0.0005,0.7414,1.5270,0.3456
2.6644,0.0009,0.9450,2.5769,0.3656
1.5436,0.0008,1.2200,1.6373,0.3493
1.7517,0.0007,1.2728,1.7629,0.3413
1.9155,0.0007,0.9611,1.5860,0.3413
1.5753,0.0008,1.0219,1.7250,0.3507
2.0715,0.0006,0.9423,2.0719,0.3431
1.3964,0.0005,0.9823,1.1040,0.3607
1.4557,0.0004,1.1137,1.8484,0.3409
1.7076,0.0008,0.7990,1.2486,0.3624
1.6328,0.0010,1.1134,1.7077,0.3655
1.0880,0.0008,1.2897,1.5387,0.3655
1.1983,0.0009,0.7645,1.0911,0.3533
2.0300,0.0008,0.8082,2.1126,0.3434
1.9697,0.0006,1.0211,1.9628,0.3550
1.2209,0.0005,0.8186,0.9528,0.3550
1.5120,0.0005,0.7961,1.5809,0.3539
1.7645,0.0005,0.7305,1.9681,0.3567
1.3269,0.0004,0.8087,1.1413,0.3382
2.1063,0.0006,0.7129,2.2638,0.3515
1.2136,0.0007,0.8407,1.1384,0.3515
2.1269,0.0005,1.1266,1.7546,0.3677
1.5326,0.0004,1.2187,1.8937,0.3454
1.7402,0.0006,0.8220,1.6997,0.3454
1.5603,0.0006,0.7398,1.6622,0.3529
1.7770,0.0005,0.7473,1.4105,0.3513
1.3122,0.0005,0.8643,1.4005,0.3513
1.4454,0.0004,0.6910,1.7483,0.3502
1.7516,0.0004,0.6523,1.7372,0.3419
1.6689,0.0005,0.7006,1.5979,0.3419
2.0217,0.0007,1.1974,1.8967,0.3838
1.9055,0.0007,1.4087,1.8890,0.3545
1.6095,0.0009,1.1134,1.6932,0.3545
1.8661,0.0006,0.9047,1.9155,0.3535
1.5726,0.0006,0.8112,1.4501,0.3535
1.7926,0.0006,0.9195,1.9070,0.3494
1.8422,0.0006,0.9464,1.7360,0.3495
1.3756,0.0006,0.8985,1.4624,0.3388
1.6463,0.0006,0.7870,1.5916,0.3609
1.9036,0.0005,0.9277,1.9095,0.3609
1.9708,0.0008,0.9878,1.6873,0.3726
1.2300,0.0005,1.2152,1.4876,0.3837
2.0125,0.0006,1.1739,2.0478,0.3447
1.3973,0.0006,0.9419,1.1707,0.3482
1.7009,0.0007,1.0140,1.9054,0.3473
1.9368,0.0006,0.7757,1.9620,0.3533
1.6133,0.0004,0.7769,1.5423,0.3381
1.3740,0.0005,0.8064,1.2653,0.3381
1.6999,0.0005,0.8085,1.8227,0.3690
1.9466,0.0008,0.7686,1.8125,0.3518
1.1553,0.0006,1.0584,1.2760,0.3518
1.6765,0.0006,1.1889,1.6419,0.3748
1.5323,0.0007,1.2177,1.2589,0.3531
1.5383,0.0005,0.8917,1.6136,0.3519
1.1735,0.0004,1.0319,1.3661,0.3519
1.7119,0.0004,0.7773,1.7859,0.3630
1.3694,0.0004,0.8722,1.0477,0.3613
1.7337,0.0006,1.0084,1.8069,0.3415
2.3417,0.0005,0.8951,2.5423,0.3676
1.0184,0.0182,0.7779,0.9514,0.3496
1.4425,0.0003,0.8782,1.5234,0.3496
1.3045,0.0005,0.9215,1.1664,0.3613
1.6557,0.0004,1.0781,1.7242,0.3971
2.0729,0.0006,0.7124,2.1256,0.3531
1.5319,0.0006,0.7284,1.4896,0.3548
1.3460,0.0005,0.7579,1.0391,0.3469
1.4831,0.0005,0.8880,1.8218,0.3469
1.5586,0.0005,0.8713,1.3896,0.3510
1.4702,0.0005,0.8263,1.3775,0.3584
1.8177,0.0007,0.8217,1.9737,0.3395
1.1647,0.0007,1.0919,1.1019,0.3395
1.8789,0.0006,0.9907,1.6193,0.3443
1.8977,0.0007,1.0054,1.9985,0.3525
1.5629,0.0008,1.0145,1.6427,0.3662
1.7442,0.0007,0.8942,1.8116,0.3461
1.1422,0.0006,1.0230,1.1681,0.3461
1.7349,0.0007,0.7939,1.7979,0.3586
1.8710,0.0005,0.8270,1.8598,0.3547
1.3223,0.0004,0.8036,1.3407,0.3547
1.1301,0.0004,0.7953,1.0475,0.3654
1.7954,0.0004,0.8347,1.4697,0.3505
1.4688,0.0006,0.8383,1.6821,0.3437
1.9735,0.0006,0.9113,2.0827,0.3554
1.2470,0.0006,0.9031,1.2758,0.3849
2.2021,0.0004,0.8978,2.0793,0.3551
1.2511,0.0004,1.0183,1.3873,0.3412
1.6942,0.0006,0.9037,1.5589,0.3412
1.5818,0.0005,1.1374,1.5702,0.3393
1.5110,0.0005,1.1559,1.5826,0.3393
1.7446,0.0005,0.8926,1.5384,0.3486
1.3923,0.0004,0.9883,1.5271,0.3486
1.3766,0.0003,0.9308,1.4100,0.3737
1.7874,0.0006,0.7321,1.7118,0.3628
2.3650,0.0008,0.9020,2.3459,0.3483
1.5020,0.0006,1.0770,1.4691,0.3451
1.3366,0.0006,1.0230,1.5272,0.3451
1.5150,0.0005,0.8754,1.4735,0.3435
1.7039,0.0004,0.8467,1.7122,0.3426
1.5717,0.0005,0.7708,1.3290,0.3412
1.6994,0.0006,0.7430,1.7809,0.3443
1.4989,0.0005,0.8481,1.4137,0.3496
1.7100,0.0006,0.7371,1.6801,0.3429
1.9524,0.0006,0.7932,1.8786,0.3300
1.8983,0.0006,1.3876,1.8761,0.3823
1.9037,0.0007,1.1097,1.8898,0.3823
1.6446,0.0006,1.0379,1.9628,0.3523
1.8490,0.0005,1.0559,1.8279,0.3477
1.4873,0.0006,0.9089,1.1941,0.3477
2.0033,0.0006,1.1115,2.1764,0.3401
1.8201,0.0004,1.0653,1.9489,0.3481
1.7418,0.0005,0.8560,1.7439,0.3481
1.7919,0.0008,0.7471,1.3229,0.3583
1.4605,0.0007,1.1421,1.8149,0.3583
2.1187,0.0008,0.9267,2.0423,0.3330
1.3883,0.0005,1.0543,1.3767,0.3422
1.4603,0.0007,1.1118,1.5537,0.3422
1.8195,0.0005,1.0690,1.7950,0.3474
1.8622,0.0004,0.8522,1.9435,0.3339
2.0524,0.0006,0.8644,1.8944,0.3473
1.4558,0.0005,1.0280,1.2347,0.3473
2.0455,0.0004,0.8533,2.3887,0.3436
1.3736,0.0006,0.7898,1.0511,0.3436
1.8571,0.0008,1.1437,2.1538,0.3848
1.8066,0.0008,1.2212,1.8119,0.3743
1.3895,0.0180,1.1545,1.1436,0.3597
1.9966,0.0006,1.0253,2.1063,0.3554
0.9347,0.0004,0.9172,1.1048,0.3554
1.8607,0.0004,0.8027,1.8235,0.3385
1.6499,0.0005,0.8162,1.6668,0.3430
1.8898,0.0006,0.6931,1.8044,0.3623
1.2256,0.0005,0.7760,1.1712,0.3329
1.7467,0.0008,0.8096,1.6859,0.3440
1.3321,0.0005,0.9636,1.4505,0.3440
1.8587,0.0007,0.8558,1.8673,0.3637
1.6735,0.0006,0.7981,1.6663,0.3491
1.6899,0.0008,0.7860,1.6857,0.3670
1.6250,0.0005,0.7707,1.4418,0.3473
1.0845,0.0003,0.9338,1.2758,0.3430
1.2376,0.0003,0.6864,1.1355,0.3430
1.5193,0.0004,0.8142,1.4682,0.3508
1.4846,0.0006,0.9088,1.5214,0.3449
1.8984,0.0006,1.0448,1.8249,0.3309
1.4845,0.0007,0.9458,1.5863,0.3791
1.6350,0.0007,0.9345,1.5808,0.3604
1.1799,0.0007,0.9215,0.9292,0.3604
2.2541,0.0005,0.7873,2.5573,0.3460
1.4407,0.0005,0.7842,1.3932,0.3665
1.6561,0.0007,0.8512,1.6076,0.3556
1.4618,0.0007,0.8374,1.5763,0.3442
0.8739,0.0005,1.1466,0.8449,0.3442
1.6430,0.0005,0.7198,1.6715,0.3461
1.4874,0.0004,0.8470,1.2438,0.3365
1.5650,0.0005,0.8071,1.7787,0.3583
1.5710,0.0009,0.9207,1.3263,0.5294
1.7162,0.0008,0.9481,1.5614,0.5294
1.5805,0.0006,1.1479,1.9340,0.3729
1.8869,0.0006,0.8438,1.7761,0.3672
1.8534,0.0005,0.8323,1.9892,0.3436
1.4109,0.0005,0.7726,1.0830,0.3436
1.8165,0.0004,0.8703,1.9631,0.3490
1.8259,0.0006,0.8908,1.8765,0.3371
1.5046,0.0004,0.8171,1.5592,0.3454
1.2674,0.0004,0.7706,1.2946,0.3454
1.7314,0.0007,0.7457,1.7075,0.3816
1.2587,0.0005,1.1719,1.0995,0.3816
2.1572,0.0007,0.9220,2.1976,0.3470
1.5469,0.0007,0.9556,1.6080,0.3470
2.0572,0.0005,0.8700,2.0782,0.3409
1.2618,0.0005,0.7369,1.1831,0.3409
1.8211,0.0005,0.7323,1.4314,0.3505
2.1737,0.0005,0.8637,2.5936,0.3486
1.1487,0.0005,0.9739,1.1553,0.3486
1.9195,0.0006,0.8908,1.9246,0.3433
1.5706,0.0005,0.8291,1.4859,0.3433
1.9867,0.0005,1.2660,1.9967,0.3668
1.8273,0.0005,0.8857,1.7992,0.3423
1.6544,0.0005,0.8723,1.7458,0.3423
1.5675,0.0005,0.7953,1.5739,0.3451
1.7397,0.0005,0.7206,1.3088,0.3451
1.6626,0.0005,0.8155,2.0045,0.3377
1.5519,0.0004,0.8837,1.4845,0.3540
2.1925,0.0008,1.0184,2.2573,0.3443
1.1719,0.0004,0.8971,1.2352,0.3443
2.0253,0.0005,0.8424,1.9682,0.3609
1.6010,0.0005,0.8083,1.3993,0.3525
1.8263,0.0007,0.9272,1.7747,0.3561
1.6546,0.0005,1.0868,1.7635,0.3556
2.2075,0.0008,1.0493,2.2005,0.3422
1.3265,0.0006,0.9579,1.4898,0.3355
1.5607,0.0005,0.9306,1.5513,0.3355
1.6141,0.0006,0.7402,1.5988,0.3596
1.3876,0.0166,1.0830,1.2763,0.3563
1.8878,0.0008,0.9271,1.9518,0.3563
2.1007,0.0009,1.0839,1.9002,0.3647
1.4573,0.0009,1.1468,1.6575,0.3579
1.5569,0.0006,0.8929,1.5265,0.3579
1.7676,0.0005,0.9390,1.7336,0.3361
2.1016,0.0006,0.8997,2.1108,0.3543
1.8105,0.0008,1.0838,1.7344,0.3419
1.5624,0.0009,1.0595,1.3181,0.3419
1.8626,0.0005,1.0065,1.9954,0.3609
1.7326,0.0006,1.2004,1.9169,0.3412
1.4375,0.0007,1.0712,1.4432,0.3412
1.9849,0.0004,0.9184,1.9387,0.3497
1.7742,0.0006,1.0212,1.7813,0.3511
1.7916,0.0006,0.9343,1.8078,0.3395
1.7693,0.0009,0.7905,1.5544,0.3545
1.8480,0.0006,1.0010,1.8301,0.3545
1.8137,0.0009,1.0585,2.0046,0.3548
1.6936,0.0008,1.0096,1.3754,0.3548
2.0696,0.0007,0.9928,1.9243,0.3375
2.1417,0.0008,1.0718,2.5201,0.3535
1.7297,0.0008,1.0357,1.7695,0.3693
1.8973,0.0005,1.0340,1.8563,0.3622
1.5620,0.0005,1.0167,1.5176,0.3622
1.4685,0.0005,1.0199,1.5672,0.3436
1.7557,0.0006,0.7739,1.6719,0.3436
1.8506,0.0006,0.9178,1.8460,0.3551
1.6748,0.0005,1.0202,1.5958,0.3472
1.5436,0.0007,0.9720,1.6681,0.3572
2.5682,0.0010,0.8880,2.1869,0.3558
1.5663,0.0008,1.6506,1.7413,0.3858
1.4180,0.0007,1.1263,1.5209,0.3858
1.6468,0.0007,0.9424,1.7240,0.3564
1.1887,0.0005,1.2271,1.1781,0.3370
1.3227,0.0005,0.7374,1.2022,0.3370
1.6748,0.0004,0.7373,1.6464,0.3286
1.6332,0.0006,0.7504,1.6048,0.3585
1.4020,0.0005,0.7821,1.5898,0.3398
2.0042,0.0005,0.7863,1.9597,0.3451
1.6380,0.0005,0.7719,1.6505,0.3488
1.5801,0.0004,0.7952,1.5652,0.3720
1.1472,0.0004,0.8316,1.1480,0.3720
1.8496,0.0005,0.8371,1.5312,0.3690
1.9914,0.0005,0.8182,2.1184,0.3450
2.1414,0.0004,1.0343,2.3060,0.3467
1.5851,0.0005,0.9121,1.5193,0.3612
1.1979,0.0007,0.8766,1.0052,0.3612
2.0851,0.0005,0.8592,2.3228,0.3618
1.3662,0.0005,0.9030,1.3132,0.3618
1.6719,0.0004,0.8602,1.7194,0.3487
1.6649,0.0007,0.9075,1.6358,0.3416
1.6846,0.0005,0.9411,1.7157,0.3764
1.4709,0.0006,0.7484,1.3963,0.3599
1.5908,0.0006,0.7664,1.5463,0.3451
1.8399,0.0006,0.7683,1.9252,0.3378
1.3937,0.0004,0.7821,1.4258,0.3348
1.4604,0.0005,0.9010,1.1578,0.3348
2.2097,0.0007,0.8688,2.4376,0.3448
1.2677,0.0005,0.8209,1.3268,0.3448
1.6938,0.0004,0.7352,1.3656,0.3504
1.7602,0.0006,0.6948,1.8243,0.3504
2.0112,0.0006,0.7784,2.1979,0.3592
1.2998,0.0004,0.9397,1.3147,0.3652
1.6977,0.0007,0.9105,1.6113,0.3502
1.9999,0.0006,0.9724,2.0708,0.3574
1.4904,0.0005,1.0038,1.4897,0.3483
1.1084,0.0004,0.7697,1.1505,0.3483
1.4631,0.0005,0.6604,1.2704,0.3552
1.6746,0.0007,0.6098,1.5755,0.3563
1.4291,0.0004,0.6138,1.4556,0.3378
1.8888,0.0004,0.6481,2.0033,0.3669
1.7732,0.0008,0.6558,1.7428,0.3564
1.6534,0.0004,0.9988,1.4867,0.3582
1.9368,0.0006,0.7719,1.9918,0.3397
1.7666,0.0005,0.7898,1.8664,0.3501
1.4990,0.0004,1.0748,1.3844,0.3425
1.4847,0.0005,0.9737,1.7266,0.3412
1.4076,0.0005,0.9125,1.3387,0.3580
1.9114,0.0005,0.8541,1.9559,0.3537
0.9379,0.0005,0.7344,0.8681,0.3537
1.8262,0.0003,0.7709,1.8967,0.3420
1.3593,0.0011,0.6773,1.2963,0.3420
1.7617,0.0008,1.3469,1.6516,0.4071
1.6964,0.0006,0.9040,1.6453,0.3809
1.5835,0.0006,0.8505,1.7319,0.3437
2.3274,0.0009,1.0166,2.2643,0.3567
1.8347,0.0006,1.1281,1.7457,0.3439
1.2834,0.0006,1.1228,1.4443,0.3343
1.0052,0.0004,0.7239,0.9093,0.3343
1.7512,0.0005,0.6811,1.8323,0.3484
1.4676,0.0005,0.6708,1.1872,0.3525
1.5078,0.0005,1.0186,1.7535,0.3525
1.5599,0.0004,0.7715,1.5486,0.3649
1.7383,0.0004,0.8096,1.5430,0.3451
1.4949,0.0005,0.9439,1.4671,0.3451
2.1135,0.0008,1.0815,2.2585,0.3482
1.1723,0.0005,0.8505,1.0724,0.3482
1.5808,0.0006,0.8023,1.6056,0.3418
1.4530,0.0005,0.9140,1.3678,0.3453
1.3394,0.0005,0.9669,1.3174,0.3453
1.3904,0.0003,0.7985,1.6311,0.3593
1.5735,0.0003,0.6326,1.5527,0.3397
1.5337,0.0004,0.8150,1.4793,0.3564
1.5120,0.0005,0.8247,1.4726,0.3496
1.4118,0.0006,0.8457,1.2823,0.3496
1.7509,0.0007,0.8946,1.6764,0.3807
1.9442,0.0008,0.7762,2.1568,0.3693
1.7939,0.0006,0.7717,1.3634,0.3396
1.7649,0.0004,1.0649,2.1770,0.3457
1.6091,0.0007,1.0105,1.6211,0.3457
1.4748,0.0004,0.8138,1.4329,0.3450
1.6398,0.0004,0.7173,1.6861,0.3382
1.3737,0.0005,0.6818,1.3551,0.3382
1.9693,0.0004,0.9543,1.9004,0.3655
1.5882,0.0004,0.8699,1.6423,0.3450
1.6427,0.0003,0.8443,1.6779,0.3450
1.6654,0.0003,0.8659,1.5229,0.3414
1.6725,0.0004,0.8413,1.7781,0.3414
1.6454,0.0003,0.6275,1.1984,0.3406
1.3785,0.0004,0.7673,1.7068,0.3415
1.8341,0.0004,0.6521,1.9376,0.3601
1.4711,0.0005,0.6838,1.2105,0.3567
1.8296,0.0004,0.8955,2.0536,0.3401
1.7177,0.0006,0.8758,1.6626,0.3452
1.4186,0.0006,0.8673,1.4786,0.5637
1.6337,0.0004,0.7442,1.3428,0.3642
1.7718,0.0003,0.6922,1.7898,0.3417
1.5374,0.0003,0.7318,1.6498,0.3476
1.6582,0.0003,0.6166,1.4623,0.3546
1.5298,0.0004,0.6557,1.8674,0.3475
1.2053,0.0004,0.6983,1.0254,0.3352
1.3594,0.0003,0.8468,1.4870,0.3352
1.5059,0.0004,0.7107,1.3644,0.3530
1.5212,0.0006,0.7037,1.6327,0.3530
2.3764,0.0008,0.7382,2.0940,0.3443
1.7194,0.0004,0.9441,2.0214,0.3798
1.3492,0.0005,0.9130,1.2521,0.3288
1.6509,0.0004,0.6836,1.5454,0.3534
1.7762,0.0004,0.6589,1.5809,0.3543
1.2442,0.0003,0.8743,1.5727,0.3517
1.2048,0.0003,0.8621,1.0960,0.3517
1.4437,0.0003,0.6617,1.6057,0.3554
1.1474,0.0004,0.7836,1.0737,0.3407
1.1582,0.0004,0.9656,1.1190,0.3506
1.4416,0.0006,0.9929,1.4969,0.3419
1.6882,0.0006,0.7359,1.3953,0.3547
1.1832,0.0005,1.1341,1.4706,0.3564
1.0558,0.0003,0.7670,1.0414,0.3564
1.3523,0.0005,0.6861,1.2661,0.3412
1.3898,0.0003,0.6508,1.4563,0.3632
1.4149,0.0004,0.6246,1.3467,0.3562
1.6506,0.0005,0.6432,1.4251,0.3463
1.4864,0.0005,0.9284,1.7962,0.3445
1.5731,0.0009,0.7448,1.2262,0.3450
1.4762,0.0005,0.8907,1.8192,0.3419
1.6288,0.0006,0.9458,1.1645,0.3629
1.5722,0.0005,0.9141,2.0053,0.3629
1.6708,0.0005,0.8164,1.6854,0.3819
1.1482,0.0003,0.7239,1.1404,0.3525
1.1456,0.0004,0.6565,1.0798,0.3525
1.2610,0.0003,0.7581,1.3548,0.3630
1.2546,0.0003,0.6215,1.0826,0.3397
1.4785,0.0004,0.6734,1.3626,0.3552
1.3596,0.0004,0.8901,1.3621,0.3537
1.3236,0.0006,0.6078,1.5471,0.3475
1.2745,0.0004,0.7206,1.1992,0.3413
1.2048,0.0004,0.8370,0.9997,0.3332
1.4032,0.0006,0.7309,1.5917,0.3616
1.6394,0.0005,0.7176,1.4751,0.3733
0.9751,0.0004,0.9359,1.2057,0.3733
1.3527,0.0003,0.7604,1.0389,0.3807
1.4643,0.0004,0.6864,1.7860,0.3507
1.3992,0.0004,0.6453,1.0544,0.3633
1.5647,0.0004,0.8096,1.8702,0.3445
1.4191,0.0005,0.7131,1.3797,0.3445
1.7863,0.0005,0.8182,1.2675,0.3432
1.4877,0.0003,0.8546,2.0643,0.3429
1.5592,0.0003,0.6640,1.5636,0.3654
1.5201,0.0004,0.6677,1.3069,0.3448
1.3469,0.0004,0.9320,1.5359,0.3534
1.6417,0.0007,0.7583,1.0588,0.3455
1.4568,0.0005,0.7633,1.8338,0.3732
1.5458,0.0006,0.7473,1.4672,0.3517
1.3518,0.0005,0.8092,1.4762,0.3642
1.4137,0.0006,0.8275,1.4881,0.3481
1.2181,0.0004,0.9350,1.3052,0.3481
1.4694,0.0005,0.6225,1.3701,0.3531
1.5372,0.0005,0.7513,1.5956,0.3473
0.9689,0.0005,0.7672,0.8855,0.3473
1.5832,0.0005,0.9073,1.5066,0.3372
0.8802,0.0003,0.7825,1.0607,0.3372
1.4570,0.0005,0.6617,1.0542,0.3464
2.3000,0.0005,0.7042,2.5738,0.3494
1.1566,0.0004,0.9421,1.2467,0.3445
1.0776,0.0005,0.7549,1.1062,0.3445
1.7279,0.0005,0.6306,1.6215,0.3363
1.6298,0.0003,0.6372,1.3725,0.3340
1.4648,0.0005,0.7897,1.7317,0.3340
1.4903,0.0005,0.7254,1.1901,0.3378
1.3328,0.0004,0.8858,1.3386,0.3378
1.3401,0.0004,0.6915,1.4369,0.3396
1.6536,0.0004,0.7191,1.6887,0.3524
1.7256,0.0004,0.6419,1.8966,0.3401
1.7070,0.0006,0.7028,1.4989,0.3585
1.4187,0.0004,0.8140,1.4957,0.3500
1.5150,0.0005,0.7437,1.5132,0.3542
1.4193,0.0004,0.7386,1.4726,0.3558
1.2892,0.0006,0.6509,1.3445,0.3557
1.6373,0.0003,0.6791,1.5468,0.3477
1.4421,0.0003,0.8326,1.2478,0.3668
1.6102,0.0005,0.6738,1.7240,0.3407
1.7503,0.0003,0.6895,1.9216,0.3519
1.5069,0.0003,0.6002,1.2379,0.3519
1.7811,0.0006,0.7102,1.5315,0.3328
1.5298,0.0005,1.2176,1.6032,0.3921
1.3844,0.0004,1.2700,1.6849,0.3921
1.6766,0.0004,0.7608,1.5786,0.3529
1.8412,0.0005,0.8063,1.6546,0.3381
1.9168,0.0005,0.7917,2.2304,0.3379
1.4677,0.0006,0.7430,1.2344,0.3629
1.3249,0.0004,0.8446,1.3492,0.3629
1.5641,0.0004,0.8985,1.5561,0.3586
1.5821,0.0008,0.8366,1.6059,0.3508
1.6044,0.0005,0.8219,1.4726,0.3508
1.7659,0.0006,0.6521,2.1097,0.3527
1.3385,0.0005,0.7199,0.9953,0.3547
1.3751,0.0005,0.9240,1.4890,0.3537
1.1688,0.0006,1.0151,1.4216,0.3537
1.7767,0.0007,0.6604,1.2980,0.3455
1.6124,0.0004,0.9233,2.0668,0.3410
1.7087,0.0005,0.6498,1.6173,0.3492
1.3946,0.0004,0.6707,1.5030,0.3492
1.6143,0.0004,0.6556,1.2355,0.3426
1.2983,0.0003,0.8271,1.4244,0.3426
1.7986,0.0005,0.6757,2.0043,0.3539
1.6352,0.0005,0.8698,1.3699,0.3530
1.5623,0.0004,1.3444,1.7996,0.3525
1.2548,0.0005,0.8028,1.0764,0.3525
1.4056,0.0006,0.7075,1.6015,0.3456
1.5139,0.0004,0.6403,1.3202,0.3562
1.7836,0.0005,0.6184,1.9504,0.3371
1.6410,0.0004,0.6460,1.6365,0.3457
1.3061,0.0005,0.6284,1.0895,0.3457
1.8925,0.0005,0.8324,1.6508,0.3373
1.3528,0.0005,0.7920,1.5619,0.3373
1.6837,0.0012,0.8392,1.8424,0.3610
1.5864,0.0007,0.8107,1.5898,0.3516
2.0472,0.0008,0.9075,1.9592,0.3458
1.5162,0.0005,0.9721,1.5006,0.3458
1.7077,0.0005,0.7384,1.5184,0.3455
1.1848,0.0006,0.7646,1.4623,0.3525
1.4379,0.0004,0.8846,1.4729,0.3649
1.6301,0.0005,0.7717,1.2843,0.3511
1.3502,0.0004,0.8870,1.6449,0.3450
1.5476,0.0003,0.6061,1.4450,0.3499
1.4441,0.0003,0.5922,1.5256,0.3565
1.4726,0.0005,0.6736,1.5006,0.3524
1.6322,0.0004,0.7401,1.6194,0.3485
1.5482,0.0004,0.8095,1.5626,0.3409
1.6199,0.0005,0.7474,1.3122,0.3442
1.4264,0.0003,0.8198,1.6795,0.3442
1.4673,0.0004,0.6618,1.5158,0.3464
1.1901,0.0004,0.7211,0.9654,0.3585
1.7891,0.0004,0.9437,1.8213,0.3508
1.5923,0.0004,0.7822,1.7412,0.3508
1.5959,0.0005,0.6767,1.5385,0.3576
1.6256,0.0003,0.6952,1.2458,0.3483
1.5489,0.0007,0.8838,1.9101,0.3483
1.8582,0.0009,0.8213,1.6439,0.3829
1.4022,0.0004,1.0687,1.6313,0.3488
1.4028,0.0004,0.7650,1.3453,0.3488
1.6470,0.0003,0.7525,1.7392,0.3418
1.3072,0.0005,0.7398,0.9670,0.3479
1.7083,0.0004,0.8584,1.6269,0.3406
1.3793,0.0004,0.8233,1.5304,0.3406
1.5971,0.0005,0.6571,1.5237,0.3398
1.4892,0.0005,0.7897,1.4621,0.3519
1.3811,0.0004,0.7808,1.6018,0.3519
1.3531,0.0005,0.6422,1.3622,0.3590
1.6249,0.0006,0.8978,1.6514,0.3870
1.8719,0.0005,1.2849,1.8960,0.3792
1.9369,0.0004,0.7218,1.8902,0.3717
1.0953,0.0004,0.9339,0.8764,0.3473
1.2379,0.0004,0.9097,1.5341,0.3640
1.3869,0.0005,0.7696,1.1391,0.3640
1.7375,0.0004,0.5745,1.9828,0.3472
1.2349,0.0005,0.5730,1.0852,0.3523
1.6809,0.0004,0.6370,1.5230,0.3421
1.4649,0.0007,0.6320,1.5337,0.3477
1.6259,0.0004,0.6955,1.6198,0.3436
2.0164,0.0005,0.8258,2.1125,0.3737
1.3660,0.0004,0.9960,1.2735,0.3737
1.9060,0.0005,0.8315,2.0189,0.3584
1.3311,0.0003,0.7569,0.9747,0.3316
1.3225,0.0003,0.7942,1.4132,0.3557
1.1381,0.0003,0.7700,1.4948,0.3557
1.4892,0.0004,0.6119,1.1716,0.3403
1.4040,0.0005,0.7951,1.4843,0.3519
1.6231,0.0004,0.7962,1.7240,0.3408
1.0906,0.0004,0.8172,1.1378,0.3408
1.9334,0.0007,0.8551,1.8866,0.3396
1.5591,0.0007,0.8266,1.4220,0.3561
1.4531,0.0005,0.9784,1.5169,0.3567
1.7586,0.0005,1.1210,1.8140,0.3335
0.7761,0.0004,0.7922,0.7516,0.3335
1.3238,0.0004,0.7259,1.3181,0.3469
1.6425,0.0004,0.6540,1.7499,0.3362
1.6297,0.0007,0.7623,1.3886,0.3436
1.2913,0.0005,0.7101,1.4458,0.3397
1.6926,0.0004,0.7334,1.2383,0.3422
1.3931,0.0006,0.9415,1.6715,0.3422
1.7303,0.0006,0.9270,1.7535,0.3633
2.0375,0.0004,0.8620,2.2159,0.3719
1.7204,0.0004,0.8036,1.6700,0.3409
1.4000,0.0004,0.7338,1.4772,0.3544
1.2049,0.0004,0.6103,1.1273,0.3544
1.4471,0.0005,0.7389,1.2305,0.3459
1.8531,0.0003,0.8283,2.1201,0.3496
1.2071,0.0005,0.5801,1.1534,0.3446
1.4991,0.0004,0.6264,1.2044,0.3468
1.2950,0.0004,0.8454,1.3180,0.3619
1.7134,0.0004,0.8333,2.0128,0.3619
1.4632,0.0005,0.7650,1.0651,0.3555
2.0799,0.0005,0.7755,2.3021,0.5180
1.5800,0.0004,0.8824,1.7368,0.3407
1.5819,0.0004,0.6697,1.1973,0.3407
1.7923,0.0008,0.6963,1.7607,0.3377
1.6179,0.0005,0.8097,1.8272,0.3564
1.5195,0.0005,0.6628,1.4150,0.3472
1.5908,0.0004,0.6615,1.7744,0.3424
1.2879,0.0004,0.8726,1.2333,0.3394
1.7267,0.0007,0.8277,1.8176,0.3387
1.3845,0.0005,0.7387,1.2855,0.3387
1.8691,0.0004,0.7250,1.9678,0.3765
1.5163,0.0005,0.7999,1.5389,0.3472
1.0968,0.0004,0.6908,0.9491,0.3472
1.5811,0.0004,0.7359,1.6246,0.3512
1.3047,0.0004,0.9258,1.4071,0.3354
1.5848,0.0004,0.7384,1.5730,0.3354
1.3294,0.0005,0.6105,1.3057,0.3520
1.5876,0.0004,0.7102,1.4279,0.3441
1.3871,0.0004,0.7175,1.5506,0.3731
1.4181,0.0005,0.7344,1.3329,0.3404
1.7550,0.0004,0.8789,1.8124,0.3632
1.5305,0.0006,0.8135,1.3073,0.3587
1.6339,0.0004,0.8335,1.8249,0.3582
1.7425,0.0006,0.7134,1.7398,0.3537
1.9309,0.0004,0.6542,1.9241,0.3466
1.1196,0.0004,0.6557,1.1346,0.3466
1.3311,0.0006,0.6538,1.2628,0.3316
1.6533,0.0005,0.7608,1.6913,0.3610
1.7071,0.0005,0.6939,1.6704,0.3502
1.1658,0.0005,0.8823,1.0123,0.3502
1.7484,0.0004,0.7384,1.4163,0.3493
1.7034,0.0004,0.9777,2.1699,0.3493
1.5744,0.0005,0.7856,1.0700,0.3764
1.4078,0.0004,0.9672,1.7586,0.3764
1.7032,0.0005,0.6566,1.8542,0.3578
1.3037,0.0004,0.6754,1.2729,0.3578
1.7386,0.0005,0.7153,1.7534,0.3434
1.5218,0.0004,0.6548,1.4509,0.3434
1.8402,0.0006,0.6712,1.9191,0.3464
1.1901,0.0004,0.5974,1.2024,0.3419
1.4434,0.0003,0.5532,1.2840,0.3450
1.4282,0.0004,0.5809,1.4976,0.3475
1.5002,0.0005,0.5979,1.5231,0.3457
1.4681,0.0009,0.6843,1.4413,0.3583
1.2731,0.0005,0.8237,1.2878,0.3605
1.7976,0.0004,0.7628,1.7194,0.3624
1.3193,0.0004,0.8688,1.0423,0.3389
1.4669,0.0005,0.7285,1.6981,0.3717
1.7906,0.0007,0.8459,1.8240,0.3551
1.5694,0.0004,0.7454,1.4140,0.3457
1.9495,0.0004,0.6784,2.0726,0.3441
1.7273,0.0005,0.6516,1.7939,0.3449
1.5498,0.0004,0.7127,1.4383,0.3552
1.5814,0.0004,0.7443,1.3912,0.3672
1.8418,0.0003,0.7702,2.1219,0.3715
1.4112,0.0003,0.7313,1.3243,0.3592
1.6234,0.0005,0.8074,1.7013,0.3589
1.3506,0.0006,0.7381,1.3091,0.3589
1.8159,0.0006,0.7070,1.7423,0.3390
2.0544,0.0004,0.8687,2.1033,0.3394
1.1491,0.0005,0.8189,1.1615,0.3394
1.7848,0.0008,0.9138,1.6200,0.3578
1.4509,0.0006,0.9861,1.5964,0.3526
1.4581,0.0008,0.7919,1.4722,0.3526
1.5097,0.0006,0.7191,1.3870,0.3466
1.6571,0.0005,1.3285,1.4759,0.3877
1.6543,0.0005,0.8592,1.9153,0.3494
1.4706,0.0006,0.8040,1.3450,0.3544
1.4528,0.0005,0.6384,1.4676,0.3475
1.3576,0.0005,0.6255,1.5227,0.3483
1.7204,0.0004,0.6032,1.7248,0.3546
1.5293,0.0004,0.6426,1.4828,0.3439
1.8885,0.0003,0.7960,1.9044,0.3393
1.2929,0.0004,0.6994,1.2840,0.3410
1.3890,0.0004,0.5937,1.3714,0.3410
1.8362,0.0005,0.6881,1.3037,0.3653
1.4465,0.0004,0.8446,1.8759,0.3948
1.6234,0.0003,0.9240,1.3533,0.3571
1.7008,0.0003,0.7607,2.0817,0.3551
1.3664,0.0004,0.6154,1.2616,0.3551
1.2885,0.0003,0.6741,1.1978,0.3536
1.5166,0.0005,0.6282,1.4909,0.3491
1.6489,0.0004,0.6692,1.7881,0.3409
1.3792,0.0004,0.8174,1.0280,0.3538
1.8727,0.0003,0.8662,2.2660,0.3467
1.5225,0.0007,0.7248,1.3217,0.3467
1.8282,0.0006,1.1502,1.7135,0.3732
1.7251,0.0005,1.0326,1.8979,0.3318
1.4211,0.0005,0.8329,1.3025,0.3472
1.6723,0.0006,0.9685,1.6884,0.3522
1.9665,0.0005,0.6734,2.1499,0.3612
1.5370,0.0004,0.6716,1.0606,0.3612
1.7758,0.0004,0.7982,2.1195,0.3446
1.4526,0.0004,0.6948,1.4769,0.3475
1.9218,0.0007,0.6373,1.9330,0.3381
1.8343,0.0009,1.0902,1.8521,0.3995
1.8471,0.0006,0.9758,1.7313,0.3900
0.7510,0.0006,1.1361,0.7797,0.3900
1.6013,0.0007,0.6958,1.6941,0.3404
1.1582,0.0006,0.7382,1.0791,0.3614
0.9629,0.0007,0.8387,1.0903,0.3614
1.2340,0.0004,0.6697,1.2371,0.3678
1.4478,0.0003,0.6064,1.3361,0.3463
1.3820,0.0005,0.6455,1.3248,0.3672
1.4126,0.0003,0.6866,1.5405,0.3494
1.1786,0.0004,0.6893,1.1989,0.3619
2.4937,0.0010,0.6728,1.3488,0.3536
1.7872,0.0007,1.4571,2.5128,0.3713
1.2980,0.0005,1.7173,1.3145,0.3713
1.3683,0.0009,0.8433,1.5748,0.3463
1.2141,0.0004,0.6855,1.3643,0.3466
1.2945,0.0005,0.6903,1.1330,0.3535
1.3189,0.0005,0.7880,1.3508,0.3445
1.4487,0.0005,0.7351,1.2284,0.3445
1.3047,0.0005,0.8075,1.4719,0.3446
0.9681,0.0004,0.9348,1.0854,0.3446
1.2970,0.0004,0.8458,1.2525,0.3568
1.3239,0.0004,0.6800,1.1898,0.3529
2.2506,0.0006,0.8471,2.1263,0.3744
0.8962,0.0006,1.1438,1.0103,0.3744
1.3651,0.0005,0.7154,1.5506,0.3711
1.2279,0.0004,0.6714,1.2171,0.3751
1.1749,0.0005,0.7510,1.1506,0.3482
1.6242,0.0004,0.8298,1.4983,0.3474
1.7204,0.0004,0.6463,1.5764,0.3365
1.3855,0.0005,0.7859,1.5650,0.3466
1.6190,0.0005,0.8129,1.5805,0.3591
1.0462,0.0004,0.8162,1.0616,0.3591
1.5529,0.0005,0.8487,1.5105,0.3501
1.4221,0.0005,0.7600,1.5652,0.3450
1.6996,0.0006,0.6681,1.6296,0.3688
1.5984,0.0010,0.8553,1.2563,0.3795
1.2078,0.0005,1.0275,1.6339,0.3795
1.5667,0.0006,0.9552,1.5901,0.3520
1.2563,0.0005,0.5964,1.0328,0.3389
1.2550,0.0004,0.6714,1.4659,0.3434
1.3441,0.0005,0.6048,1.2092,0.3415
1.6274,0.0005,0.7250,1.2492,0.3457
1.4269,0.0005,0.9398,1.9023,0.3368
1.3933,0.0006,0.6560,1.2579,0.3423
1.6014,0.0006,1.2681,1.3938,0.3576
1.2108,0.0005,1.0365,1.3773,0.3576
2.1220,0.0005,0.7341,2.2125,0.3627
1.2621,0.0006,1.0885,1.3102,0.3713
1.3279,0.0006,0.8254,1.2428,0.3504
1.4090,0.0005,0.7015,1.5005,0.3419
1.4947,0.0005,0.6397,1.3724,0.3513
1.1537,0.0004,0.8197,1.1361,0.3513
1.5063,0.0005,0.9179,1.6269,0.3534
1.7378,0.0003,0.6417,1.5988,0.3659
1.2305,0.0004,0.7871,1.1379,0.3659
1.4754,0.0005,0.7212,1.4414,0.3548
1.4502,0.0005,0.8054,1.4409,0.3548
2.0234,0.0006,0.9503,1.7256,0.3476
1.6297,0.0004,1.2623,2.1389,0.3431
1.3787,0.0004,0.8616,1.1395,0.3431
1.8372,0.0003,0.8087,2.0813,0.3553
1.5732,0.0004,0.7548,1.4894,0.3624
1.2518,0.0003,0.8685,1.3198,0.3490
1.3021,0.0005,0.6528,1.0296,0.3535
1.1542,0.0004,0.8203,1.4387,0.3535
1.5069,0.0003,0.5907,1.2542,0.3605
1.7319,0.0004,0.6388,1.9183,0.3304
1.5170,0.0005,0.6504,1.3050,0.3425
2.1846,0.0004,0.5865,2.3682,0.4032
1.2247,0.0005,0.8152,1.2416,0.3773
1.4685,0.0003,0.7854,1.4970,0.3773
1.4818,0.0007,0.7527,1.2153,0.3504
1.6064,0.0004,0.9564,1.5619,0.3466
1.6934,0.0005,0.6618,1.8079,0.3344
1.8084,0.0005,0.8208,1.5349,0.3344
1.7671,0.0007,1.1189,2.0340,0.3430
2.0364,0.0007,1.0845,2.0205,0.3528
0.8276,0.0004,0.9391,1.0103,0.3528
2.2385,0.0007,0.7028,2.1233,0.3567
1.4489,0.0006,0.8469,1.0270,0.3669
2.1146,0.0005,1.1191,2.5729,0.3543
1.2307,0.0004,0.7487,1.0062,0.3543
1.5927,0.0005,0.6928,1.7090,0.3382
1.8813,0.0005,0.6667,1.5878,0.3498
1.6302,0.0004,1.1515,1.9415,0.3597
1.8675,0.0004,0.8915,1.9396,0.3438
1.3020,0.0003,0.7358,1.3311,0.3438
1.4635,0.0003,0.6664,1.4710,0.3512
1.6848,0.0004,0.6857,1.0973,0.3592
1.5863,0.0006,1.2679,1.9956,0.3388
1.4710,0.0004,1.0102,1.6186,0.3540
1.7644,0.0005,0.8691,1.7544,0.3540
1.6097,0.0006,0.6349,1.5872,0.3555
1.6782,0.0007,0.6884,1.6766,0.3555
1.3011,0.0005,0.6772,1.2975,0.3422
1.4073,0.0004,0.6801,1.2143,0.3298
1.3123,0.0005,0.6018,1.5340,0.3477
1.3917,0.0004,0.6078,1.3859,0.3572
1.3935,0.0005,0.6010,1.1084,0.3341
1.4673,0.0008,0.6519,1.6339,0.3585
1.7766,0.0008,0.9040,1.7913,0.3526
1.3952,0.0007,0.9695,1.1656,0.3647
1.3004,0.0005,0.9491,1.4136,0.3647
1.3693,0.0006,0.7767,1.5149,0.3491
1.5033,0.0005,0.6848,1.3792,0.3323
1.0164,0.0005,0.7768,1.1558,0.3323
1.3434,0.0005,0.6538,1.0981,0.3613
1.3138,0.0005,0.9624,1.4879,0.3613
1.1708,0.0003,0.6539,1.2349,0.3370
1.1756,0.0003,0.8243,1.1764,0.3402
1.0240,0.0004,0.6156,0.9565,0.3395
1.3242,0.0005,0.6144,1.3650,0.3466
1.7707,0.0005,0.6238,1.2422,0.3501
1.7285,0.0004,0.7708,2.2251,0.3482
1.1605,0.0004,0.7278,1.0899,0.3482
1.2699,0.0005,0.8062,1.3139,0.3588
1.1056,0.0005,0.7558,1.1409,0.3542
1.2286,0.0005,0.6579,1.2143,0.3512
1.3713,0.0003,0.6141,1.3158,0.3517
1.5935,0.0005,0.6738,1.3116,0.3470
2.0980,0.0006,0.9992,2.2339,0.3452
0.8297,0.0004,1.0354,0.9262,0.3452
1.8366,0.0004,0.7388,1.8700,0.3539
1.5706,0.0006,0.7261,1.0809,0.3604
1.7796,0.0006,1.1590,2.2227,0.3611
1.3307,0.0004,1.0574,1.3465,0.3611
1.7842,0.0008,0.9381,1.7472,0.3674
1.6024,0.0005,0.9028,1.3955,0.3377
1.1265,0.0003,1.0832,1.4220,0.3377
1.2130,0.0004,0.8883,1.2171,0.3515
1.5698,0.0005,0.6117,1.5452,0.3638
0.8742,0.0005,0.6317,0.8792,0.3638
1.3714,0.0005,0.6064,1.2851,0.3367
1.4497,0.0004,0.6392,1.2120,0.3356
1.1819,0.0003,0.7504,1.3144,0.3356
2.1075,0.0005,0.6234,1.9641,0.5199
1.1533,0.0006,0.9257,1.2305,0.5199
1.3218,0.0007,1.1583,1.5177,0.3468
1.4768,0.0005,0.9301,1.1292,0.3594
1.9001,0.0004,0.7306,1.7855,0.3673
1.5456,0.0004,0.6310,2.0091,0.3462
1.8333,0.0006,0.6344,1.8181,0.3326
1.3829,0.0004,0.6477,1.2691,0.3416
1.2363,0.0004,0.7532,1.0845,0.3416
1.4416,0.0004,0.6432,1.6778,0.3362
1.2452,0.0003,0.6651,1.1767,0.3548
1.6897,0.0005,0.7023,1.7467,0.3531
1.3579,0.0006,0.9949,1.3365,0.3531
1.4727,0.0005,1.1629,1.2389,0.3813
1.2245,0.0005,0.8701,1.4867,0.3380
1.7112,0.0004,0.8447,1.7024,0.3525
1.6389,0.0005,0.7752,1.3445,0.3495
1.7352,0.0005,0.8256,1.9335,0.3388
1.2715,0.0155,0.8040,1.0811,0.3388
1.5952,0.0004,0.8807,1.8759,0.3462
1.1574,0.0004,0.6410,1.1163,0.3462
1.6438,0.0005,0.7012,1.6680,0.3587
1.3029,0.0006,0.6988,0.9516,0.3587
2.1024,0.0005,0.9856,2.3583,0.3601
1.2890,0.0005,0.9002,1.0265,0.3601
1.7712,0.0004,0.9096,2.0548,0.3610
1.8058,0.0004,0.9163,1.3440,0.3384
1.0800,0.0004,0.9239,1.5659,0.3384
1.7459,0.0004,0.8719,1.3097,0.3378
1.0273,0.0004,0.8581,1.4696,0.3378
1.7110,0.0004,0.6163,1.6355,0.3717
1.4886,0.0003,0.7373,1.0486,0.3392
1.1682,0.0004,0.7325,1.6871,0.3411
1.6154,0.0004,0.6034,1.5728,0.3507
1.7845,0.0006,0.6555,1.6494,0.3446
1.8520,0.0006,0.9133,1.6140,0.3616
2.1249,0.0004,0.8704,2.4750,0.3453
1.3389,0.0004,0.6726,1.3343,0.3598
1.3021,0.0004,0.7097,1.2228,0.3598
1.5903,0.0005,0.7131,1.6401,0.3440
1.1315,0.0004,0.7891,0.8951,0.3440
1.6836,0.0006,0.7318,1.6499,0.3519
2.1105,0.0004,0.7147,2.3979,0.3360
1.4154,0.0005,0.6846,1.1317,0.3360
2.3873,0.0009,0.6970,2.2682,0.3422
0.7964,0.0004,1.2309,1.0157,0.3422
1.3758,0.0004,0.7401,1.4793,0.3536
1.4839,0.0005,0.8008,1.2097,0.3476
1.6766,0.0003,0.8293,2.0382,0.3476
1.4184,0.0004,0.6006,1.1469,0.3328
1.2428,0.0004,0.7403,1.3188,0.3531
1.7333,0.0004,0.6540,1.8903,0.3585
1.5534,0.0005,0.6714,1.5663,0.3495
1.2509,0.0004,0.7506,1.2347,0.3509
1.7615,0.0004,0.6303,1.7436,0.3635
1.3551,0.0005,0.8292,1.2543,0.3635
1.3288,0.0005,0.8833,1.4010,0.3804
1.5779,0.0005,0.8064,1.2165,0.3340
1.3276,0.0005,0.8889,1.4605,0.3340
1.4330,0.0006,0.8094,1.6642,0.3490
1.4272,0.0004,0.6152,1.2487,0.3506
1.4119,0.0004,0.6912,1.4026,0.3443
1.8730,0.0006,0.7189,2.0093,0.3534
1.4228,0.0004,0.6774,1.3635,0.3398
1.4301,0.0003,0.8089,1.2333,0.3398
2.1227,0.0011,0.5787,2.3355,0.3510
1.7469,0.0006,0.8309,1.7578,0.5573
1.5589,0.0004,0.8191,1.5715,0.3728
1.2009,0.0004,0.8017,1.0650,0.3728
1.8749,0.0005,0.6325,1.9992,0.3411
1.3040,0.0006,0.6726,1.1848,0.3460
1.7828,0.0005,0.6996,1.8948,0.3506
1.6649,0.0004,0.6508,1.3626,0.3496
1.5612,0.0004,0.7260,1.7860,0.3441
1.1284,0.0220,0.8403,1.0343,0.3517
1.6961,0.0004,1.0451,1.5288,0.3543
1.7893,0.0005,1.0639,1.7267,0.3543
1.9085,0.0006,1.1347,2.1771,0.3761
1.4294,0.0005,1.2007,1.4463,0.3761
1.7827,0.0004,0.7782,1.8369,0.3518
1.7478,0.0005,0.6456,1.6468,0.3436
1.2274,0.0005,0.8696,1.0458,0.3536
1.2745,0.0004,0.7836,1.3465,0.3536
1.5376,0.0006,0.8415,1.4484,0.3497
1.4138,0.0005,0.7963,1.4650,0.3448
1.4679,0.0004,0.6521,1.3583,0.3363
1.3317,0.0004,0.6761,1.6187,0.3562
1.3405,0.0005,0.6840,1.3229,0.3405
1.8755,0.0004,0.9629,1.8804,0.3757
1.6294,0.0003,0.7259,1.6514,0.3580
1.8151,0.0004,0.7063,1.6162,0.3540
1.4431,0.0005,1.0096,1.6138,0.3512
1.2258,0.0003,0.7663,1.2172,0.3512
1.2760,0.0004,0.6836,1.0409,0.3544
2.0282,0.0005,0.6208,2.1386,0.3455
1.5251,0.0006,0.7683,1.6098,0.3600
1.6908,0.0004,0.6799,1.4440,0.3600
1.8476,0.0004,0.6547,2.0641,0.3492
1.7466,0.0007,0.6740,1.7044,0.3465
1.5487,0.0004,0.8645,1.5508,0.3686
1.4989,0.0004,0.8102,1.2182,0.3494
1.7423,0.0004,0.8193,2.0457,0.3440
1.3465,0.0003,0.6147,1.2677,0.3440
1.9796,0.0005,0.6261,1.9750,0.3430
1.3288,0.0004,0.7443,1.4313,0.3430
1.5925,0.0005,0.6402,1.4106,0.3684
2.3645,0.0004,0.6530,2.4831,0.3550
1.3132,0.0007,0.6863,1.3572,0.3545
1.9553,0.0005,0.6658,1.6347,0.3787
0.7932,0.0004,1.0670,0.8071,0.3787
1.9743,0.0004,0.7148,2.1160,0.3732
1.4149,0.0005,0.7588,1.5554,0.3427
1.4629,0.0004,0.6060,1.1279,0.3438
1.8158,0.0004,0.7418,2.1212,0.3551
1.6534,0.0007,0.8297,1.6086,0.3521
1.3286,0.0006,0.8547,1.2789,0.3521
1.6929,0.0007,0.8015,1.7269,0.3621
1.5184,0.0005,0.8662,1.3280,0.3356
1.6529,0.0007,0.7375,1.4311,0.3457
2.2630,0.0006,0.8134,2.5803,0.3529
1.4306,0.0005,1.3283,1.2434,0.3529
1.8108,0.0005,0.9154,1.5741,0.3509
1.7293,0.0006,0.9288,1.8967,0.3436
1.8314,0.0005,0.9856,1.9900,0.3381
2.0259,0.0005,0.8722,2.1772,0.3600
1.7739,0.0009,0.8091,1.7703,0.3600
1.6320,0.0004,0.8226,1.6326,0.3417
1.7335,0.0005,0.8207,1.6848,0.3421
1.7806,0.0005,0.7513,1.7559,0.3464
1.7521,0.0004,0.8791,1.6020,0.3676
1.8112,0.0005,0.9675,1.8148,0.3452
1.9188,0.0005,0.9013,1.9292,0.3354
1.6385,0.0005,0.8871,1.7652,0.3364
1.4199,0.0004,0.8287,1.4486,0.3364
1.6995,0.0004,0.7296,1.6951,0.3645
1.7199,0.0005,0.8154,1.6523,0.3410
1.8932,0.0005,0.8847,1.5679,0.3476
1.5796,0.0005,0.8858,1.8065,0.3476
1.7086,0.0007,0.8913,1.4763,0.3555
1.8270,0.0008,1.1989,2.1487,0.3513
1.7522,0.0005,0.9206,1.6221,0.3413
2.0815,0.0006,1.0553,2.0544,0.3435
1.5692,0.0006,1.1236,1.2962,0.3544
1.6288,0.0006,1.3859,1.6316,0.3544
2.2394,0.0007,0.8474,2.5801,0.3558
1.6352,0.0005,0.9158,1.6686,0.3558
2.3331,0.0011,0.9076,1.8766,0.3419
1.7807,0.0010,1.4160,2.2004,0.3582
2.0539,0.0004,1.2412,2.0669,0.3433
1.5013,0.0007,0.8333,1.4209,0.3433
1.8780,0.0008,0.8958,1.9207,0.3525
1.5001,0.0008,0.9677,1.2424,0.3525
2.1418,0.0006,1.0203,2.2728,0.3518
1.5731,0.0006,1.0263,1.5868,0.3493
1.6265,0.0005,1.1667,1.7767,0.3457
1.6375,0.0007,0.7566,1.3592,0.3457
1.6320,0.0006,0.9813,1.4681,0.3745
1.9545,0.0012,1.1552,2.3074,0.3654
1.4988,0.0008,1.3722,1.0316,0.3654
1.8798,0.0008,0.9628,2.2498,0.3388
1.5566,0.0007,0.9040,1.7138,0.3388
1.7421,0.0006,0.7329,1.3834,0.3414
1.7818,0.0005,0.9311,2.1067,0.3473
1.6434,0.0005,0.9559,1.6434,0.3478
1.6155,0.0003,0.7506,1.6090,0.3499
1.7301,0.0008,0.7039,1.6730,0.3535
2.1506,0.0008,0.7589,2.0117,0.3448
1.5442,0.0007,0.9807,1.7107,0.3448
1.8039,0.0005,0.8035,1.3435,0.3522
1.6211,0.0006,0.9301,2.0420,0.3319
1.5007,0.0006,0.7511,1.4592,0.3512
1.6832,0.0009,0.9075,1.5647,0.3512
1.6565,0.0005,0.8572,1.6086,0.3416
2.1236,0.0007,0.8559,2.1917,0.3371
1.6841,0.0004,0.9664,1.7989,0.3534
1.4990,0.0007,0.8491,1.2965,0.3534
1.8890,0.0007,1.0970,1.7543,0.3588
1.4462,0.0007,1.4693,1.7371,0.7198
1.8233,0.0005,1.0112,1.8410,0.3279
1.6432,0.0006,0.7324,1.6422,0.3545
1.6512,0.0008,0.7231,1.5441,0.3545
1.5052,0.0004,0.8137,1.5282,0.3519
1.6171,0.0006,0.7066,1.4700,0.3396
2.0999,0.0006,0.7973,2.3091,0.3387
1.5382,0.0004,0.9307,1.5462,0.3387
1.9901,0.0005,0.7010,1.5846,0.3370
2.0826,0.0008,1.2675,2.3726,0.3561
1.4955,0.0007,1.3658,1.5472,0.3561
1.8708,0.0007,0.9005,1.8478,0.3402
1.8681,0.0004,0.9269,1.7711,0.3393
1.8088,0.0007,1.0600,1.9193,0.3367
1.7139,0.0008,0.7800,1.4594,0.3363
1.8019,0.0006,0.9681,1.6853,0.3405
1.8949,0.0007,0.9606,2.0975,0.3405
1.9820,0.0008,1.2035,2.0445,0.3441
1.9209,0.0007,1.1784,1.9027,0.3751
1.7834,0.0007,1.0367,1.8171,0.3662
1.4395,0.0007,0.9266,1.3587,0.3662
2.2306,0.0004,1.1680,1.9083,0.3346
1.8689,0.0005,0.9446,2.2979,0.3469
1.9551,0.0008,0.7455,1.8030,0.3526
1.7222,0.0007,1.0838,1.8029,0.3526
1.5494,0.0007,0.8862,1.2671,0.3494
1.8947,0.0010,0.9146,2.1386,0.3416
1.7667,0.0004,0.8919,1.3254,0.3676
1.9619,0.0006,0.8813,2.1954,0.3820
2.3496,0.0006,0.8366,2.5120,0.3342
1.4963,0.0009,1.0280,1.2256,0.3342
2.1455,0.0005,1.0157,2.4481,0.3426
1.4485,0.0006,1.0254,1.4729,0.3410
1.7834,0.0005,0.8303,1.7009,0.3410
1.8254,0.0006,1.0480,1.8837,0.3483
1.4930,0.0005,0.7844,1.3705,0.3483
1.5304,0.0006,1.1747,1.5351,0.3640
1.9936,0.0006,1.0401,2.0734,0.3470
1.2133,0.0005,0.7913,1.2022,0.3470
1.8731,0.0005,0.7680,1.8754,0.3671
1.3454,0.0005,0.7418,1.2493,0.3671
1.4989,0.0004,0.7972,1.4855,0.3441
1.6457,0.0005,0.6914,1.4253,0.3336
2.0993,0.0005,0.9795,2.4049,0.3501
1.7182,0.0005,0.9517,1.7233,0.3336
1.0674,0.0006,0.8409,1.0206,0.3336
2.3964,0.0008,0.7386,2.3555,0.3779
1.2422,0.0005,1.0521,1.3226,0.3779
1.5939,0.0005,0.8866,1.6269,0.3390
1.3588,0.0005,0.7636,1.3555,0.3390
1.5573,0.0004,0.8016,1.1977,0.3523
1.6800,0.0005,0.9673,1.7155,0.3463
1.2921,0.0006,0.8780,1.4548,0.3463
2.0069,0.0008,0.8130,1.7334,0.3616
1.6875,0.0005,1.2825,2.0354,0.3683
1.6174,0.0005,0.9472,1.6470,0.3523
1.6516,0.0007,0.8261,1.5527,0.3373
2.1661,0.0009,1.7583,2.0467,0.4112
1.7001,0.0006,1.0008,1.7024,0.3460
1.5043,0.0006,0.9753,1.4272,0.3351
1.8793,0.0005,0.9259,2.0663,0.3447
1.1553,0.0004,0.8253,1.1834,0.3447
2.0015,0.0006,0.6985,1.6789,0.3482
1.2773,0.0004,0.9790,1.4458,0.3482
1.7038,0.0003,1.0025,1.8898,0.3386
1.2224,0.0003,1.0237,1.0229,0.3511
1.9829,0.0006,0.8080,2.0885,0.5367
1.4091,0.0004,0.8454,1.3371,0.5367
1.7526,0.0004,0.8553,1.8789,0.3447
1.4840,0.0005,0.7550,1.2841,0.3447
1.6909,0.0005,0.7347,1.6045,0.3529
1.7847,0.0005,0.7170,1.6325,0.3398
1.7097,0.0007,0.9325,2.0730,0.3386
1.2404,0.0005,0.8143,1.2498,0.3386
1.6170,0.0007,0.7528,1.5505,0.3473
1.6948,0.0006,0.8537,1.5375,0.3382
1.6623,0.0005,0.9189,1.7340,0.3452
2.0607,0.0006,0.8306,2.0672,0.3595
1.5185,0.0004,1.0422,1.3050,0.3556
1.5416,0.0005,0.9440,1.8458,0.3430
1.8439,0.0006,1.0380,1.8795,0.3569
1.1231,0.0007,0.9751,1.1215,0.3569
1.5393,0.0007,0.7602,1.3748,0.3542
1.8275,0.0004,0.8105,2.0019,0.3343
1.6940,0.0007,0.7930,1.3167,0.3433
1.6124,0.0005,1.0083,1.9697,0.3433
1.3712,0.0004,0.8936,1.3722,0.3582
1.9062,0.0007,0.7331,1.5048,0.3713
1.1538,0.0004,1.1805,1.5362,0.3713
2.2654,0.0009,1.0975,2.0897,0.3353
1.1810,0.0005,1.1909,0.8232,0.3532
1.6771,0.0005,1.1173,2.1597,0.3564
1.7172,0.0006,0.8805,1.7348,0.3724
1.4309,0.0006,0.8966,1.4155,0.3724
1.6426,0.0007,0.7883,1.3149,0.3585
2.1441,0.0006,0.7791,2.3319,0.3488
0.9987,0.0004,0.9366,1.0086,0.3488
1.6503,0.0007,0.9603,1.6815,0.3441
2.2363,0.0006,1.0441,2.1818,0.3762
1.3266,0.0005,1.3817,1.4568,0.3514
1.6672,0.0006,0.7646,1.6457,0.3512
1.4453,0.0005,0.7730,1.3084,0.3512
1.8260,0.0006,0.7714,1.8491,0.3513
1.1964,0.0006,0.8686,1.2130,0.3500
1.6459,0.0005,0.7709,1.7040,0.3452
1.4409,0.0009,0.7481,1.2492,0.3561
1.5351,0.0005,0.7645,1.5702,0.3377
2.1354,0.0009,0.7584,1.6940,0.3725
1.6125,0.0004,1.2625,2.1788,0.3611
1.3512,0.0004,0.8313,1.4070,0.3518
1.4648,0.0005,0.7251,1.4521,0.3518
1.7655,0.0006,0.7071,1.6007,0.3337
1.4608,0.0004,0.7875,1.5102,0.3477
2.0609,0.0008,0.7873,2.1152,0.3429
0.9716,0.0004,0.7922,0.9410,0.3429
1.7765,0.0004,0.7366,1.8064,0.3491
1.7675,0.0003,0.6852,1.4994,0.3367
1.4224,0.0004,0.7344,1.5896,0.3375
1.7807,0.0007,0.8492,1.8175,0.3440
1.6617,0.0008,1.0998,1.6870,0.3706
1.4999,0.0004,0.8693,1.5277,0.3507
1.6282,0.0006,0.7818,1.4070,0.3507
2.0213,0.0007,0.7761,2.1849,0.3557
1.4739,0.0005,0.7799,1.5155,0.3428
1.3313,0.0003,0.9188,1.3445,0.3428
2.1487,0.0005,0.7153,2.0798,0.3422
1.0774,0.0005,0.7271,1.0158,0.3422
1.8261,0.0004,0.7423,1.8955,0.3572
1.8497,0.0005,0.7049,1.7646,0.3486
1.8005,0.0010,1.1492,1.7933,0.3684
1.4675,0.0008,1.1877,1.4796,0.3684
2.9186,0.0010,1.1579,2.4493,0.3456
2.1442,0.0011,1.0852,2.3611,0.3331
1.9517,0.0011,1.3888,2.0859,0.3563
1.9797,0.0008,1.1072,1.9273,0.3574
2.0232,0.0009,1.1872,2.0889,0.3519
1.7506,0.0007,1.0893,1.7799,0.3472
2.1154,0.0010,1.1568,1.6645,0.3661
1.4472,0.0008,2.0990,1.9531,0.3661
1.7677,0.0008,0.9448,1.7691,0.3515
1.8108,0.0008,0.8372,1.6653,0.3515
1.6609,0.0009,1.0248,1.7534,0.3420
2.1210,0.0006,0.8907,1.9595,0.3469
2.0911,0.0006,0.9505,2.2423,0.3310
1.5972,0.0005,0.9602,1.6304,0.3580
2.1144,0.0006,1.0561,1.8579,0.3752
1.8986,0.0012,1.0715,1.7812,0.3683
0.8785,0.0007,1.8239,0.9542,0.3683
1.7459,0.0007,0.7846,1.9154,0.3394
1.4237,0.0009,0.7386,1.4197,0.3554
1.7601,0.0006,0.7655,1.7153,0.3465
1.2705,0.0007,0.9002,1.2593,0.3465
1.8788,0.0007,1.0042,1.8715,0.3400
1.2181,0.0007,0.7798,1.1454,0.3400
1.9872,0.0008,0.8330,2.0030,0.3411
1.6977,0.0007,0.8924,1.6915,0.3411
2.0769,0.0010,0.9514,2.0150,0.3661
2.1706,0.0009,1.0715,2.1583,0.3423
1.6543,0.0008,1.1599,1.6865,0.3514
1.7404,0.0010,1.1439,1.6957,0.3597
1.7361,0.0006,0.9931,1.7629,0.3436
2.1157,0.0007,0.9447,2.0972,0.3390
1.5036,0.0016,0.9984,1.4665,0.3390
1.8460,0.0008,0.9836,1.9067,0.3384
1.7317,0.0009,0.9909,1.5879,0.3419
2.2384,0.0009,1.0194,2.3300,0.3937
1.4078,0.0005,1.0026,1.4410,0.3937
1.4277,0.0007,0.9859,1.1795,0.3541
1.8228,0.0005,0.9917,2.0590,0.3326
1.9473,0.0008,0.8614,1.9427,0.3398
2.0548,0.0007,0.8577,1.7963,0.3454
1.0861,0.0005,1.1373,1.3507,0.3454
1.1008,0.0006,0.8248,0.9743,0.3341
1.8681,0.0004,0.6988,1.9766,0.3377
1.8115,0.0008,0.7362,1.7263,0.3404
1.7052,0.0008,0.8988,1.7214,0.3600
1.9167,0.0007,1.0403,1.8789,0.3416
1.6716,0.0007,0.9648,1.6437,0.3510
1.6785,0.0007,0.9449,1.7540,0.3510
1.8212,0.0007,0.7677,1.8274,0.3644
1.5792,0.0006,0.7545,1.5547,0.3359
1.8262,0.0007,0.7437,1.7266,0.3446
1.7760,0.0007,0.8871,1.8689,0.3599
1.6896,0.0009,0.7869,1.6490,0.3570
1.5806,0.0009,0.8476,1.5520,0.3570
1.6386,0.0008,0.9530,1.6511,0.3538
1.7578,0.0006,0.8907,1.7618,0.3428
1.6855,0.0006,0.8214,1.5767,0.3422
1.5639,0.0007,0.8963,1.6647,0.3422
1.3575,0.0007,0.7645,1.2608,0.3452
1.5747,0.0008,0.8663,1.2374,0.3496
2.1896,0.0007,0.8923,2.5319,0.3416
1.3290,0.0004,1.0368,1.1683,0.3497
1.9242,0.0005,1.0437,1.6643,0.3415
1.8891,0.0009,0.7997,1.9662,0.3353
2.2238,0.0009,0.9243,2.5134,0.3376
1.5709,0.0007,1.1041,1.6347,0.3376
1.4671,0.0008,1.0111,0.9783,0.3578
1.8286,0.0007,0.9229,2.0644,0.3421
1.7982,0.0007,0.7800,1.9124,0.3343
2.3307,0.0005,0.8195,2.4414,0.3431
1.5095,0.0006,0.8261,1.5244,0.3642
1.4435,0.0005,0.7958,1.4452,0.3347
1.3735,0.0008,0.8493,0.8802,0.3347
2.1179,0.0008,1.0079,2.5295,0.5629
1.6580,0.0009,0.9642,1.3363,0.5629
2.0269,0.0008,0.9289,2.3213,0.3622
1.5384,0.0005,0.8836,1.6153,0.3447
1.8997,0.0006,0.7557,1.3800,0.3462
2.2237,0.0007,0.8856,2.6810,0.3471
1.5226,0.0004,0.9284,1.5490,0.3426
1.3856,0.0005,0.8518,1.0062,0.3426
2.0045,0.0005,0.8138,2.3523,0.3478
1.3721,0.0007,0.7970,1.3787,0.3478
2.2346,0.0008,0.9649,2.1618,0.3640
1.3578,0.0007,1.2905,1.3731,0.3640
2.4504,0.0008,0.9241,2.4357,0.3443
1.3706,0.0005,0.8716,1.4004,0.3617
1.6255,0.0007,1.0857,1.6293,0.3617
1.6522,0.0007,0.9645,1.6386,0.3459
1.8014,0.0008,0.8198,1.7980,0.3478
1.9283,0.0006,0.8274,1.9162,0.3478
1.9213,0.0009,0.8489,1.5460,0.3446
2.4143,0.0011,1.1026,2.6547,0.3546
1.4921,0.0006,1.0881,1.5875,0.3529
1.4944,0.0008,0.9284,1.5264,0.3529
2.3585,0.0010,0.8049,2.2763,0.3400
1.5249,0.0009,0.9447,1.3737,0.3400
2.0807,0.0007,0.8790,2.2509,0.3478
1.0540,0.0005,0.8526,1.0909,0.3507
1.5204,0.0004,0.8009,1.3675,0.3507
2.0771,0.0006,0.7424,2.1628,0.3637
1.6620,0.0007,0.8647,1.5124,0.5565
1.1955,0.0006,1.1939,1.3805,0.5565
1.5402,0.0005,0.8280,1.5202,0.3572
1.8427,0.0008,0.7929,1.5086,0.3416
2.1010,0.0007,0.9887,2.3949,0.3532
1.8685,0.0010,1.0302,1.8662,0.3458
1.1536,0.0006,0.7928,0.9803,0.3458
1.6065,0.0007,0.7557,1.6278,0.3429
2.0474,0.0008,0.6902,2.1754,0.3372
1.5323,0.0006,0.8146,1.4561,0.3372
1.9115,0.0007,0.8832,1.9306,0.3413
2.1641,0.0008,0.9794,2.1616,0.3962
1.3617,0.0009,1.0898,1.3530,0.3962
1.5866,0.0006,1.0723,1.6312,0.3445
2.0455,0.0005,0.9220,2.0859,0.3641
1.7015,0.0004,0.7451,1.6617,0.3527
1.7712,0.0005,0.7525,1.7584,0.3347
1.6332,0.0006,0.8222,1.6459,0.3347
1.6491,0.0007,0.7905,1.6229,0.3380
2.1416,0.0007,0.8796,2.0872,0.3451
1.6846,0.0004,1.5465,1.5957,0.3682
1.1521,0.0005,1.2777,1.2795,0.3682
1.5500,0.0005,0.8608,1.3537,0.3492
1.7733,0.0005,0.7802,1.9581,0.3368
1.8172,0.0005,0.7367,1.7697,0.3643
2.0738,0.0004,0.8533,2.1022,0.3482
1.6320,0.0004,0.7734,1.6158,0.3481
1.4431,0.0004,0.7823,1.4622,0.3441
1.5538,0.0004,0.7661,1.4564,0.3427
1.4279,0.0006,0.7794,1.3594,0.3427
2.4146,0.0006,0.7520,2.0620,0.3629
1.7775,0.0006,0.9582,2.0903,0.3645
2.3203,0.0005,0.9233,2.4120,0.3443
1.6282,0.0006,0.8693,1.6106,0.3443
2.0031,0.0004,0.9847,1.8965,0.3355
1.6855,0.0005,1.0384,1.7546,0.3381
1.6799,0.0004,0.8267,1.4327,0.3381
1.7042,0.0004,0.8971,1.7892,0.3462
2.2837,0.0011,0.9112,2.4094,0.3539
1.6575,0.0006,1.0895,1.6709,0.3539
2.0654,0.0008,1.0404,2.0896,0.3416
1.7667,0.0009,0.8810,1.5985,0.3557
1.5790,0.0006,1.0585,1.7449,0.3557
1.5706,0.0007,1.0791,1.5853,0.3419
1.5339,0.0007,0.8989,1.4646,0.3586
1.8731,0.0005,0.9018,1.7850,0.3550
1.6402,0.0005,0.8246,1.6207,0.3442
1.9629,0.0005,0.8482,2.0511,0.3460
1.4789,0.0008,0.9235,1.3897,0.3506
2.0677,0.0008,1.0755,1.8998,0.3561
2.2518,0.0007,1.0570,2.4590,0.3429
1.6641,0.0005,1.0487,1.6742,0.3463
1.5938,0.0006,0.9391,1.6743,0.3463
1.9493,0.0007,0.7633,1.7924,0.3403
1.6385,0.0004,0.9605,1.7563,0.3613
1.8342,0.0005,0.8327,1.8260,0.3605
1.5710,0.0007,0.8635,1.5508,0.3434
1.6236,0.0007,0.8693,1.5810,0.3434
1.8818,0.0009,1.4304,1.8557,0.3848
1.9037,0.0008,1.0482,1.9462,0.3848
1.9897,0.0006,0.9587,1.9781,0.3462
1.9397,0.0006,1.0939,1.9375,0.3501
1.3223,0.0007,0.9510,1.3646,0.3501
1.4456,0.0006,0.8544,1.4360,0.3443
1.7822,0.0008,0.7305,1.7237,0.3419
2.1050,0.0007,0.8305,2.0437,0.3509
1.3950,0.0007,0.9209,1.2910,0.3509
2.0211,0.0008,0.9285,2.1286,0.3698
1.8804,0.0005,0.9882,1.9260,0.3465
1.7489,0.0004,0.9426,1.7758,0.3592
1.4150,0.0005,0.7498,1.1957,0.3592
2.0819,0.0003,0.7329,2.2693,0.3607
1.9613,0.0006,0.7319,1.8407,0.3417
1.4305,0.0007,0.8701,1.5368,0.3417
1.7864,0.0005,0.7608,1.4693,0.3445
1.6255,0.0007,1.0891,1.7272,0.3607
2.0371,0.0004,0.8549,2.1503,0.3792
1.5219,0.0003,0.9343,1.5921,0.3792
1.9738,0.0004,0.8185,1.9279,0.3415
1.4578,0.0004,0.8064,1.3894,0.3397
2.1243,0.0006,0.7617,2.1513,0.3365
1.5566,0.0007,0.8157,1.4634,0.3365
1.7041,0.0008,0.8840,1.8141,0.3616
1.6516,0.0004,0.7663,1.5962,0.3616
2.0386,0.0008,0.7940,2.0816,0.3483
1.7938,0.0006,0.8143,1.7560,0.3465
1.8144,0.0007,0.8546,1.8008,0.3465
1.8786,0.0007,0.8692,1.8648,0.3534
1.6664,0.0007,0.8377,1.7074,0.3534
1.8031,0.0006,0.8206,1.8011,0.3728
1.5775,0.0005,0.7683,1.5610,0.3405
1.1997,0.0005,0.7361,1.0668,0.3405
2.3781,0.0007,0.7117,2.4636,0.3474
1.5218,0.0005,1.1477,1.5333,0.3474
2.0691,0.0009,0.8303,2.0246,0.3548
1.4012,0.0007,0.9901,1.3341,0.3594
1.6567,0.0007,1.0510,1.7351,0.3513
1.3868,0.0006,0.9003,1.4207,0.3519
1.4863,0.0008,0.8112,1.2705,0.3519
1.7553,0.0006,0.7432,1.6422,0.3433
2.0917,0.0007,0.8082,2.3341,0.3380
1.5124,0.0007,0.8987,1.3456,0.3611
1.8650,0.0007,1.0827,1.8151,0.3611
2.0530,0.0006,0.8545,2.3077,0.3332
2.1627,0.0008,0.7883,2.0887,0.3571
1.5950,0.0007,0.9405,1.6352,0.3571
1.5094,0.0006,0.9604,1.5152,0.3554
2.6129,0.0010,0.9007,2.5168,0.3640
1.1495,0.0004,0.9088,1.1046,0.3640
1.6766,0.0006,1.1100,1.3583,0.3702
2.2789,0.0005,1.0162,2.6471,0.3298
1.8394,0.0005,1.0784,1.8801,0.3298
1.7313,0.0009,0.8543,1.7259,0.3415
1.7556,0.0008,0.7904,1.5813,0.3409
2.2846,0.0008,0.8374,2.3783,0.3567
1.1880,0.0004,0.9562,1.2603,0.3707
1.7356,0.0004,0.8587,1.7499,0.3561
1.4729,0.0003,0.7224,1.4075,0.3561
1.8899,0.0005,0.8343,1.9004,0.3394
1.8409,0.0005,0.7753,1.8440,0.3602
1.7190,0.0005,0.7752,1.7084,0.3609
1.2711,0.0003,0.7672,1.1270,0.3609
2.3259,0.0004,0.7058,2.4453,0.3476
1.3250,0.0008,0.7607,1.3266,0.3476
1.6581,0.0004,0.8579,1.6310,0.3759
1.6472,0.0005,0.8587,1.6811,0.3465
1.5369,0.0003,0.7234,1.3151,0.3468
2.0106,0.0006,0.7079,2.1797,0.3420
1.4150,0.0005,0.8183,1.1796,0.3420
2.2905,0.0006,0.8246,2.5180,0.3536
1.6084,0.0006,0.7657,1.6429,0.3600
1.8726,0.0007,0.7484,1.8454,0.3600
1.6835,0.0004,0.7309,1.6920,0.3573
1.5057,0.0009,0.7276,1.4396,0.3336
1.9375,0.0008,0.8547,1.9518,0.3817
1.8388,0.0006,0.8453,1.8553,0.3569
1.2688,0.0006,0.7643,1.2629,0.3569
1.5425,0.0007,0.7668,1.4750,0.3436
1.5471,0.0003,0.7691,1.4377,0.3457
1.7452,0.0004,0.7551,1.9152,0.3594
2.2547,0.0005,0.7738,2.0406,0.3533
1.2156,0.0004,0.9555,1.4186,0.3519
1.5755,0.0003,0.7171,1.5768,0.3553
1.7417,0.0005,0.7207,1.4829,0.3537
1.2798,0.0005,1.0569,1.4268,0.3537
1.7296,0.0005,1.0890,1.5213,0.3509
1.7678,0.0006,0.7253,1.9722,0.3483
2.2341,0.0006,0.8905,2.2495,0.3626
1.6805,0.0008,0.8587,1.5788,0.3480
1.3674,0.0007,0.9715,1.4968,0.3480
1.5708,0.0005,0.8689,1.5274,0.3531
2.0954,0.0004,0.7423,1.9446,0.3482
1.5126,0.0005,0.9648,1.6478,0.3482
2.1080,0.0009,0.8953,2.0245,0.3546
1.5438,0.0007,1.0486,1.5902,0.3767
1.3264,0.0006,0.9235,1.3639,0.3767
1.7160,0.0007,0.8225,1.5645,0.3363
1.5905,0.0006,0.9932,1.7254,0.3457
1.7254,0.0008,0.8114,1.6171,0.3499
1.7773,0.0006,0.8957,1.8766,0.3568
1.5112,0.0008,0.7526,1.3839,0.3375
1.4870,0.0005,0.8720,1.6064,0.3394
1.8932,0.0006,0.7150,1.8423,0.3684
1.1767,0.0004,0.7909,1.0919,0.3684
2.2904,0.0006,1.1254,2.3375,0.3488
1.3718,0.0005,0.8369,1.4237,0.3425
1.6882,0.0005,0.7723,1.5741,0.3491
1.2270,0.0006,0.9020,1.2094,0.3491
1.9521,0.0004,0.7287,2.0545,0.3375
1.7453,0.0004,0.7590,1.7476,0.3494
1.7966,0.0004,0.7449,1.7681,0.3650
1.3193,0.0005,0.7795,1.3545,0.3406
1.6994,0.0003,0.6891,1.6678,0.3558
1.6349,0.0006,0.7157,1.5814,0.3678
2.0109,0.0008,0.9077,1.9881,0.3678
1.8347,0.0007,0.9985,1.8568,0.3429
1.6223,0.0005,0.8578,1.5489,0.3585
1.7101,0.0004,0.8241,1.7918,0.3499
1.4352,0.0004,0.7489,1.4388,0.3669
1.7659,0.0004,0.7183,1.7696,0.3518
1.5002,0.0004,0.7378,1.5307,0.3518
1.6125,0.0004,0.6992,1.3208,0.3488
2.0881,0.0005,0.7877,2.2373,0.3332
1.6208,0.0010,0.9065,1.5333,0.3332
1.6462,0.0006,1.6502,1.6015,0.3969
0.9194,0.0006,1.4573,0.7758,0.3609
1.5105,0.0004,0.7630,1.7422,0.3519
0.9854,0.0004,0.9875,0.8096,0.3519
1.4319,0.0005,0.7622,1.4013,0.3561
1.6436,0.0005,0.7424,1.6541,0.3439
1.5676,0.0005,0.8464,1.6361,0.3390
1.5421,0.0004,0.7929,1.5797,0.3438
1.8362,0.0004,0.8394,1.9329,0.3484
1.2820,0.0004,0.9639,1.1896,0.3494
2.2212,0.0007,0.7905,2.2304,0.3761
1.5290,0.0005,0.9470,1.5994,0.3471
1.3996,0.0006,0.8939,1.4253,0.3410
1.4983,0.0003,0.8964,1.5046,0.3476
1.4956,0.0005,0.6645,1.3870,0.3329
0.9596,0.0005,0.7673,0.9179,0.3329
1.4831,0.0004,0.7324,1.5679,0.3622
1.3571,0.0004,0.6602,1.2647,0.3638
1.5171,0.0005,0.6324,1.4717,0.3530
1.5310,0.0007,0.6736,1.6981,0.3485
1.7395,0.0006,0.7175,1.7382,0.3575
1.9703,0.0010,0.7475,1.8671,0.3861
1.4847,0.0005,0.8997,1.5558,0.3861
1.5769,0.0005,0.8290,1.5536,0.3413
1.2611,0.0004,0.7853,1.1070,0.3413
1.6875,0.0003,0.8223,1.5767,0.3544
1.5900,0.0004,0.8413,1.6553,0.3555
1.9252,0.0005,0.7089,2.1061,0.3478
1.5991,0.0005,0.7254,1.6118,0.3493
1.1947,0.0005,0.7410,1.1796,0.3471
1.6125,0.0004,0.9459,1.5030,0.3455
1.8776,0.0007,0.8489,1.9230,0.3522
1.2324,0.0005,0.7894,1.1370,0.3522
1.7482,0.0003,0.9493,1.6826,0.3594
1.4970,0.0005,0.7797,1.5717,0.3677
1.7236,0.0004,0.8627,1.8341,0.3584
1.2799,0.0005,0.7747,1.2535,0.3494
1.9013,0.0006,0.7665,1.9068,0.3375
1.2083,0.0004,0.7916,1.2150,0.3375
1.8218,0.0005,0.7181,1.5539,0.3435
2.0582,0.0006,1.1600,2.2621,0.3504
1.9081,0.0007,0.9229,1.8986,0.3414
1.4861,0.0009,0.9659,1.2608,0.3618
1.7649,0.0005,1.1626,1.9731,0.3633
1.7369,0.0005,0.8269,1.7664,0.3476
1.6281,0.0006,0.7428,1.6210,0.3587
1.5709,0.0006,0.7756,1.5410,0.3564
1.7838,0.0005,0.7830,1.7937,0.3421
1.7413,0.0007,0.7893,1.6851,0.3447
1.6914,0.0005,0.8779,1.7249,0.3379
1.4134,0.0004,0.8364,1.4540,0.3379
1.6028,0.0005,0.7280,1.2419,0.3487
1.9673,0.0009,0.7733,2.2242,0.3763
1.7017,0.0004,0.9266,1.7369,0.3763
1.8336,0.0005,0.8605,1.8481,0.3396
2.1060,0.0007,0.7725,1.8984,0.3405
1.8107,0.0006,0.9653,1.9868,0.3461
1.4227,0.0007,0.8370,1.3295,0.3439
2.2052,0.0006,0.8193,2.0643,0.3534
1.0576,0.0007,1.0845,1.1415,0.3534
1.7672,0.0007,0.7646,1.9140,0.3391
1.3743,0.0005,0.7021,1.3617,0.3391
1.5760,0.0006,0.7625,1.3498,0.3430
1.4625,0.0005,1.0007,1.5961,0.3646
1.6435,0.0004,0.7080,1.7482,0.3505
1.1275,0.0005,0.6860,0.8756,0.3505
1.5728,0.0005,0.6716,1.7185,0.3507
1.8277,0.0005,0.6352,1.7058,0.3513
1.6617,0.0006,0.7351,1.6839,0.3551
1.5652,0.0005,0.8143,1.5588,0.3576
1.7140,0.0005,0.6520,1.9155,0.3655
1.3079,0.0003,0.5939,1.1479,0.3405
1.5331,0.0005,0.6225,1.6158,0.3679
1.8625,0.0006,0.8137,1.8378,0.3742
1.7075,0.0005,0.8981,1.7766,0.3576
1.3929,0.0004,0.7294,1.2949,0.3576
1.4333,0.0004,0.6415,1.4759,0.3585
1.2955,0.0005,0.7025,1.0066,0.3420
1.9939,0.0005,0.6667,2.0705,0.3426
1.9381,0.0004,1.0054,1.9624,0.3732
1.0912,0.0004,0.9057,1.3075,0.3732
1.8580,0.0005,0.6508,1.8412,0.3439
1.4957,0.0005,0.6672,1.4919,0.3439
1.6336,0.0004,0.6915,1.3897,0.3667
1.6984,0.0003,0.7666,1.6180,0.3699
1.6519,0.0003,0.7130,1.7501,0.3532
1.6525,0.0005,0.6723,1.6414,0.3462
1.6320,0.0005,0.6644,1.7541,0.3438
1.4766,0.0004,0.7385,1.4031,0.3326
1.1953,0.0004,0.8054,1.3109,0.3703
1.1895,0.0004,0.6572,1.1377,0.3497
1.6959,0.0005,0.6339,1.5289,0.3563
0.7964,0.0004,0.8462,1.0160,0.3563
1.5620,0.0006,0.6505,1.5817,0.3499
1.6909,0.0006,0.7062,1.3419,0.3739
1.0014,0.0004,1.5121,1.1567,0.3739
1.5102,0.0008,0.8070,1.6318,0.3459
1.6441,0.0005,0.8909,1.5842,0.3528
1.5348,0.0004,0.6456,1.4292,0.3306
1.7439,0.0004,0.6669,1.6506,0.3555
1.7477,0.0004,0.6312,2.0382,0.3416
1.3429,0.0005,0.5840,1.0573,0.3368
1.3770,0.0004,0.6169,1.6541,0.3567
1.5175,0.0004,0.6006,1.3325,0.3430
1.6573,0.0004,0.6369,1.8206,0.3444
1.7831,0.0003,0.6527,1.7300,0.3782
1.4790,0.0005,0.7671,1.4623,0.3744
1.1965,0.0004,0.7718,1.0381,0.3744
1.5533,0.0005,0.7126,1.7595,0.3471
1.2861,0.0005,0.6731,1.2663,0.3401
1.4555,0.0005,0.6900,1.3407,0.3575
1.4511,0.0004,0.6300,1.5803,0.3511
1.2214,0.0003,0.6325,1.1610,0.3461
1.4248,0.0005,0.6893,1.4148,0.3643
1.9203,0.0005,0.9257,1.8413,0.3501
1.0407,0.0004,0.8177,0.7862,0.3456
1.6023,0.0006,0.8139,1.6737,0.3439
1.1654,0.0004,1.0116,1.4244,0.3439
1.8217,0.0004,0.8720,1.7870,0.3580
1.3860,0.0005,0.7207,1.3040,0.3580
1.4554,0.0005,0.7279,1.4727,0.3562
1.9486,0.0004,0.7019,2.0559,0.3377
1.3012,0.0004,0.6798,1.1170,0.3377
1.4724,0.0006,0.6775,1.6615,0.3525
1.4740,0.0005,0.6303,1.4289,0.3469
1.9769,0.0006,0.6625,1.8796,0.3389
2.0344,0.0003,0.6661,2.1215,0.3650
1.3747,0.0004,0.7411,1.3379,0.3650
1.0476,0.0003,0.8489,0.8333,0.9331
1.3828,0.0005,0.7516,1.6208,0.3864
1.4630,0.0006,0.7382,1.2627,0.3529
1.6312,0.0005,0.7428,1.6389,0.3466
2.0489,0.0007,0.7107,2.2368,0.3344
1.5215,0.0005,0.6629,1.5247,0.3437
1.2021,0.0004,0.6725,1.2259,0.3552
1.2717,0.0007,0.5967,1.2356,0.3552
1.5135,0.0004,0.5898,1.3049,0.3598
1.3795,0.0004,0.6056,1.5883,0.3451
1.3530,0.0003,0.6218,1.3285,0.3485
1.3622,0.0006,0.7060,1.3470,0.3702
1.5948,0.0006,0.7976,1.4343,0.3824
1.4841,0.0005,0.8189,1.5763,0.3573
1.4146,0.0004,0.7471,1.5007,0.3396
0.9501,0.0005,0.6776,0.9189,0.3396
1.3609,0.0005,0.6967,1.3236,0.3563
1.4856,0.0004,0.6390,1.4223,0.3668
1.3644,0.0004,0.6621,1.3289,0.3607
1.4031,0.0003,0.6443,1.5677,0.3534
1.0916,0.0004,0.6292,1.0773,0.3484
1.9526,0.0006,0.6166,1.7208,0.3455
1.0776,0.0006,0.9037,1.2660,0.3455
1.6137,0.0008,0.8454,1.5911,0.3530
1.7729,0.0005,0.7571,1.6744,0.3476
1.2789,0.0003,0.8665,1.4242,0.3476
1.2626,0.0004,0.7374,1.2062,0.3426
1.5374,0.0004,0.6151,1.3782,0.3466
1.2111,0.0004,0.6458,1.3924,0.3245
1.5287,0.0004,0.7165,1.4317,0.3689
1.1662,0.0004,1.0407,0.9138,0.3535
1.0795,0.0004,1.0500,1.1198,0.3535
1.5295,0.0005,0.6395,1.6451,0.3482
1.2864,0.0004,0.7073,1.4659,0.3425
1.0913,0.0004,0.6353,1.0812,0.3468
1.6414,0.0006,0.6738,1.5559,0.3438
1.4545,0.0005,0.8508,1.3830,0.3430
1.4582,0.0004,0.9173,1.5961,0.3430
1.4165,0.0004,0.6770,1.2306,0.3553
1.3056,0.0003,0.6848,1.4514,0.3622
1.3547,0.0004,0.6311,1.2365,0.3486
1.0937,0.0003,0.7304,1.0623,0.3486
1.4306,0.0004,0.6125,1.4791,0.3407
0.8326,0.0004,0.7698,0.9721,0.3407
1.2618,0.0003,0.6021,1.0349,0.3529
1.2210,0.0003,0.5982,1.4381,0.3556
1.5733,0.0004,0.6037,1.5582,0.3714
1.4895,0.0005,0.6256,1.4466,0.3714
1.1681,0.0004,0.7347,1.1375,0.4031
1.3823,0.0005,0.7668,1.1972,0.3741
1.2127,0.0004,0.8792,1.4292,0.3502
1.5415,0.0004,0.7012,1.4070,0.3446
1.2412,0.0003,0.8067,1.2060,0.3446
1.3522,0.0004,0.6363,1.5357,0.3592
1.3441,0.0004,0.6313,1.1476,0.3593
1.2824,0.0004,0.7895,1.2961,0.3498
1.4638,0.0004,0.6694,1.4393,0.3608
1.1370,0.0005,0.7840,1.3290,0.3608
1.6065,0.0004,0.6347,1.5757,0.3370
1.3538,0.0005,0.6895,1.2927,0.3611
1.9546,0.0006,0.7886,1.3579,0.3726
1.0675,0.0005,1.6263,1.4744,0.3726
1.5046,0.0003,0.7583,1.5021,0.3561
1.4519,0.0005,0.6467,1.4394,0.3554
1.4822,0.0004,0.8337,1.7400,0.3554
1.4475,0.0004,0.6475,1.2650,0.3407
1.4217,0.0005,0.6632,1.4556,0.3432
1.5069,0.0003,0.6222,1.6280,0.3575
1.3210,0.0005,0.6134,1.1475,0.3478
1.3045,0.0004,0.6914,1.3349,0.3647
1.4862,0.0004,0.7434,1.6195,0.3545
1.6099,0.0005,0.7797,1.4355,0.3605
1.6442,0.0005,0.7901,1.6703,0.3525
1.0651,0.0004,0.8664,1.1983,0.3525
1.2476,0.0005,0.8260,1.1291,0.3565
1.2064,0.0005,0.9866,1.2953,0.3565
1.3238,0.0005,0.6276,1.3201,0.3531
1.3161,0.0006,0.6233,1.3406,0.3439
1.2066,0.0004,0.6066,1.2006,0.3446
1.3687,0.0004,0.6132,1.3761,0.3446
1.1598,0.0005,0.6023,1.1038,0.3589
1.3710,0.0004,0.6283,1.3051,0.3536
1.2507,0.0003,0.6646,1.3514,0.3420
1.2600,0.0005,0.6404,1.2270,0.3542
1.6098,0.0006,0.6669,1.5620,0.3642
1.5018,0.0004,0.7731,1.5369,0.3489
1.0094,0.0004,0.7593,0.9661,0.3681
1.2734,0.0004,0.6985,1.1743,0.3438
0.9612,0.0004,0.8734,1.1079,0.3563
1.4110,0.0003,0.8225,1.2231,0.3530
1.3008,0.0004,0.7575,1.2221,0.3530
1.3594,0.0005,0.6627,1.4840,0.3566
0.9384,0.0004,0.8532,1.0318,0.3566
1.4422,0.0004,0.8048,1.3052,0.3472
1.2819,0.0005,0.9984,1.3883,0.3524
1.2944,0.0004,0.7973,1.3380,0.3547
1.3645,0.0004,0.6668,1.2014,0.3621
1.6561,0.0003,0.7654,1.7875,0.3565
1.4242,0.0005,0.7661,1.4053,0.3660
1.4368,0.0006,0.7126,1.3162,0.3457
1.1002,0.0005,0.8106,1.0936,0.3457
1.2979,0.0004,0.6929,1.4561,0.3567
1.2631,0.0005,0.6076,1.1371,0.3531
1.3548,0.0004,0.6394,1.4661,0.3404
1.2950,0.0005,0.6562,1.2023,0.3525
1.4431,0.0004,0.7499,1.4785,0.3543
1.5070,0.0005,1.1227,1.4160,0.3438
1.3857,0.0005,0.7361,1.3742,0.3439
1.0368,0.0004,0.8757,1.1853,0.3439
2.2190,0.0008,0.6585,2.1027,0.3754
1.0001,0.0004,0.9089,0.9354,0.3754
1.1710,0.0003,0.7722,1.3289,0.3593
1.3065,0.0004,0.6813,1.1179,0.3669
1.5854,0.0005,0.6832,1.5253,0.3366
1.0265,0.0004,0.8437,1.2736,0.3366
1.3266,0.0004,0.6361,1.1978,0.3539
1.7815,0.0005,0.6602,1.5481,0.3550
1.1178,0.0004,1.0028,1.1021,0.3475
1.0372,0.0004,1.0942,1.1111,0.3475
1.8795,0.0005,0.6597,2.1160,0.3511
1.3010,0.0006,0.6524,1.3048,0.3667
1.5977,0.0005,0.6900,1.5598,0.3667
1.3066,0.0004,0.7608,1.3290,0.3956
1.0992,0.0005,0.8030,0.9584,0.3448
1.1458,0.0005,0.9960,1.2129,0.3448
1.2295,0.0004,0.6509,1.3137,0.3645
1.2220,0.0004,0.6284,1.0823,0.3334
1.0533,0.0004,0.7936,1.0706,0.3462
0.9673,0.0005,1.0351,0.9830,0.3462
1.4960,0.0004,0.8313,1.3864,0.3541
1.7425,0.0004,0.7403,1.6973,0.3530
1.5538,0.0005,0.7456,1.7798,0.3539
1.1990,0.0004,0.6107,1.0576,0.3593
2.0044,0.0007,0.6751,1.5457,0.3727
1.0397,0.0005,1.0196,1.5965,0.3727
1.3950,0.0004,0.7778,1.4040,0.3837
1.3133,0.0004,0.7070,1.2698,0.3553
1.5815,0.0004,0.6529,1.3125,0.3483
1.4229,0.0003,0.7258,1.5102,0.3482
2.0224,0.0007,0.7301,1.8764,0.3494
1.6346,0.0005,0.7738,1.6755,0.4179
1.4277,0.0005,0.7380,1.6181,0.3583
1.4312,0.0005,0.6635,1.5383,0.3451
1.2416,0.0004,0.6651,1.1197,0.3440
1.4702,0.0007,0.6783,1.5633,0.3434
1.6952,0.0007,0.6851,1.6742,0.3723
1.5391,0.0004,0.7700,1.5577,0.3490
1.2738,0.0004,0.7352,1.1659,0.3554
1.1474,0.0004,0.8098,1.2590,0.3554
1.6992,0.0003,0.6952,1.6785,0.3485
1.1906,0.0004,0.7371,1.0118,0.3905
1.3177,0.0003,0.6891,1.4377,0.3538
1.2940,0.0005,0.7253,1.1601,0.3507
1.4539,0.0003,0.6335,1.5068,0.3624
1.5311,0.0004,0.6551,1.5018,0.3524
1.5528,0.0004,0.6540,1.7276,0.3462
1.6607,0.0005,0.6620,0.9862,0.3509
1.5006,0.0005,1.0967,1.8366,0.3625
1.2057,0.0007,1.4730,1.3695,0.3625
1.0559,0.0004,0.8987,1.0393,0.3553
1.5666,0.0004,0.7584,1.5721,0.3533
1.4739,0.0004,0.6545,1.6433,0.3571
1.3541,0.0003,0.5898,1.1613,0.3430
1.8943,0.0003,0.5789,2.0657,0.3783
1.2766,0.0004,0.6069,1.2927,0.3590
1.0850,0.0003,0.6211,1.0745,0.3590
1.7849,0.0003,0.5947,1.7691,0.3407
1.3350,0.0004,0.6015,1.3377,0.3407
1.0060,0.0004,0.5921,0.8342,0.3537
1.5645,0.0003,0.6943,1.6521,0.3638
1.5352,0.0004,0.7101,1.5182,0.3733
1.6395,0.0004,0.6790,1.4789,0.3580
1.3015,0.0004,0.6539,1.4110,0.3552
1.2919,0.0004,0.6533,1.4072,0.3486
1.4232,0.0005,0.6411,1.4042,0.3473
1.3604,0.0003,0.6197,1.3196,0.3491
1.2516,0.0003,0.6514,1.2906,0.3516
0.9988,0.0004,0.6481,0.9825,0.3516
1.3634,0.0003,0.6117,1.1323,0.3587
1.2802,0.0003,0.6177,1.4251,0.3475
1.8764,0.0005,0.7228,1.8867,0.3430
0.9568,0.0004,0.8363,0.9941,0.3430
1.6704,0.0008,0.8492,1.5379,0.3768
1.3342,0.0006,0.8057,1.3655,0.3524
1.1793,0.0003,0.8583,1.2749,0.3730
1.4212,0.0004,1.0281,1.2771,0.3456
1.5182,0.0004,0.6598,1.5538,0.3482
1.2855,0.0004,0.6515,1.3940,0.3374
1.1753,0.0003,0.6280,1.1549,0.3597
1.2925,0.0004,0.6701,1.3111,0.3673
1.2162,0.0003,0.6315,1.1341,0.3559
1.4687,0.0003,0.6637,1.3709,0.3499
1.4719,0.0004,0.7097,1.6066,0.3564
1.3835,0.0004,0.7322,1.3269,0.3625
1.6222,0.0004,0.7744,1.5269,0.3826
1.5381,0.0005,0.7431,1.5976,0.3462
1.2457,0.0004,0.7814,1.1758,0.3462
1.6059,0.0004,0.6673,1.7684,0.3550
1.2891,0.0005,0.6520,1.2879,0.3550
17.0082,0.0008,16.3717,1.6160,0.3809
1.2308,0.0006,1.3788,1.3220,0.3809
1.2503,0.0007,1.4051,0.9264,0.3633
1.3502,0.0005,0.9224,1.5042,0.3633
1.7931,0.0004,0.6881,2.0987,0.3448
1.3931,0.0005,0.6611,1.2384,0.3448
1.7751,0.0008,0.6556,1.8769,0.3639
1.7889,0.0006,0.7642,1.4764,0.5452
1.2360,0.0004,0.7538,1.6064,0.3710
1.7774,0.0004,0.6719,1.7654,0.3712
1.3619,0.0005,0.6159,1.3029,0.3524
1.0638,0.0005,0.7070,0.8924,0.3524
1.5404,0.0005,0.6149,1.3491,0.3481
1.7412,0.0004,0.6402,2.1568,0.3432
1.5957,0.0005,0.6099,1.5454,0.3432
1.4053,0.0004,0.6410,1.3926,0.3538
1.6228,0.0006,0.6342,1.4637,0.3351
2.3310,0.0005,0.6593,2.3833,0.3697
1.4172,0.0006,0.8806,1.4886,0.3634
1.1685,0.0003,0.8597,1.1895,0.3405
1.2909,0.0003,0.6894,1.1092,0.3405
2.0647,0.0004,0.6554,2.2655,0.3635
1.1118,0.0004,0.6503,0.9154,0.3635
1.4336,0.0004,0.6300,1.6224,0.3608
1.5961,0.0004,0.6377,1.5581,0.3508
1.4462,0.0003,0.7023,1.1473,0.3508
2.0211,0.0004,0.6513,2.3219,0.3443
0.9813,0.0003,0.6500,0.7991,0.3443
1.6170,0.0006,0.6969,1.4811,0.3716
1.3856,0.0004,0.7838,1.6642,0.3961
1.7893,0.0005,0.8739,1.5647,0.3532
1.4770,0.0004,0.9968,1.7386,0.3478
1.6283,0.0004,0.6996,1.6247,0.3498
1.0792,0.0004,0.6499,0.8831,0.3498
1.3336,0.0004,0.6362,1.3814,0.3406
1.3656,0.0003,0.6185,1.3604,0.3530
1.5042,0.0004,0.6470,1.4920,0.3505
1.4342,0.0004,0.6174,1.4226,0.3449
2.2922,0.0005,0.6659,2.3908,0.3541
1.0654,0.0006,0.8048,0.9460,0.3541
1.5609,0.0004,0.9822,1.5637,0.3671
1.4390,0.0004,0.7143,1.4065,0.3779
1.4708,0.0004,0.7084,1.4892,0.3597
1.3604,0.0004,0.6390,1.3859,0.3595
1.3295,0.0004,0.7324,1.4497,0.3544
1.4391,0.0004,0.7797,1.4212,0.3513
1.1303,0.0003,0.6270,1.0572,0.3582
1.4858,0.0004,0.7350,1.4683,0.3485
1.4270,0.0004,0.7437,1.4974,0.3485
1.5280,0.0003,0.6784,1.2701,0.3539
1.4646,0.0004,0.7752,1.6740,0.3450
2.0526,0.0005,0.6942,2.0530,0.3746
1.2657,0.0004,0.7532,1.3032,0.3549
1.0614,0.0004,0.6926,1.0754,0.3549
1.2799,0.0003,0.6311,1.1250,0.3674
1.6042,0.0004,0.6703,1.5943,0.3355
1.4351,0.0003,0.6309,1.4582,0.3434
1.2747,0.0004,0.6513,1.3052,0.3660
1.1680,0.0003,0.6525,1.1135,0.3558
1.6083,0.0003,0.6349,1.5943,0.3557
1.4774,0.0004,0.7636,1.4149,0.3449
1.9815,0.0004,0.8625,2.1724,0.3486
1.7646,0.0008,0.6774,1.6158,0.3425
1.2864,0.0006,0.9188,1.3462,0.3775
1.4011,0.0005,0.8055,1.4677,0.3496
1.2732,0.0004,0.6715,1.1903,0.3536
1.2506,0.0004,0.6855,1.3514,0.3413
1.1784,0.0005,0.7705,1.1698,0.3477
1.0909,0.0005,0.7327,1.0833,0.3572
1.2698,0.0004,0.6099,1.2593,0.3441
1.5115,0.0005,0.5905,1.2360,0.3448
1.4776,0.0004,0.7156,1.7498,0.3479
1.0691,0.0008,0.6469,1.0569,0.3424
1.3892,0.0004,0.6078,1.1386,0.3590
1.2996,0.0004,0.6198,1.4152,0.3609
1.7022,0.0003,0.7666,1.7375,0.3675
1.7282,0.0005,0.7758,1.7601,0.3600
0.9368,0.0005,0.7146,0.8084,0.3600
1.3856,0.0004,0.6848,1.3391,0.3563
1.3311,0.0004,0.7725,1.4624,0.3435
1.1553,0.0004,0.6699,1.0213,0.3435
1.3599,0.0004,0.6811,1.4391,0.3591
1.5214,0.0005,0.6896,1.4447,0.3525
1.2586,0.0005,0.9146,1.2794,0.3525
1.3590,0.0004,0.9125,1.4655,0.3623
1.2758,0.0005,0.6838,1.3039,0.3428
1.0472,0.0006,0.6759,1.0049,0.3428
1.7072,0.0005,0.6823,1.3853,0.3665
1.4290,0.0005,1.1304,1.7311,0.3665
1.3344,0.0005,0.9135,1.3596,0.3824
1.5217,0.0003,0.7717,1.4352,0.3498
1.2624,0.0004,0.7968,1.1609,0.3498
1.3095,0.0005,0.6742,1.3820,0.3531
1.3923,0.0007,0.7926,1.3331,0.3500
1.0450,0.0005,0.9831,1.2029,0.3500
1.3622,0.0006,0.6647,1.3642,0.3548
1.2493,0.0006,0.6736,1.1286,0.3548
1.2514,0.0005,0.6898,1.2497,0.3597
1.5473,0.0164,0.7597,1.4969,0.3420
1.7097,0.0009,0.7775,1.4284,0.3420
2.0449,0.0006,0.9429,2.3750,0.3590
1.3678,0.0005,0.9775,1.2870,0.3590
1.3933,0.0004,0.9604,1.3697,0.3580
1.6262,0.0005,0.7275,1.5996,0.3370
1.5590,0.0006,0.9027,1.7178,0.3427
1.6744,0.0006,1.1019,1.4208,0.3623
1.3207,0.0005,1.0339,1.4479,0.3623
2.2688,0.0005,0.7718,2.3610,0.3508
1.0284,0.0003,0.7663,1.0204,0.3508
1.8210,0.0006,0.9717,1.3854,0.3530
1.2582,0.0005,1.0789,1.6271,0.3530
1.6942,0.0004,0.8860,1.5737,0.3659
1.6888,0.0006,0.8400,1.8710,0.3561
2.1289,0.0006,0.8399,2.1074,0.3542
1.2267,0.0008,1.0576,1.2515,0.3542
1.9245,0.0009,0.8037,1.9088,0.3616
1.5030,0.0007,0.8226,1.3311,0.3616
2.0638,0.0005,0.7898,2.2115,0.3542
1.9654,0.0004,0.7982,1.9932,0.3358
1.1863,0.0008,0.7761,1.1623,0.3358
1.2799,0.0007,0.9355,1.1812,0.3622
2.2812,0.0006,0.8637,2.3569,0.3767
1.4130,0.0007,0.8719,1.4423,0.3505
1.9533,0.0007,0.9734,1.8108,0.3599
1.1012,0.0005,0.8612,0.9741,0.3599
1.3895,0.0007,0.7568,1.5338,0.3575
2.0808,0.0006,0.7915,2.1282,0.3557
1.1609,0.0006,0.8849,1.2044,0.3557
1.7919,0.0005,0.7967,1.5422,0.3593
1.9606,0.0008,0.8802,2.1112,0.3485
2.2734,0.0010,1.1679,2.0450,0.3533
1.2501,0.0008,1.4377,1.3984,0.3653
1.8511,0.0008,1.0273,1.9391,0.3436
1.8368,0.0008,0.8738,1.7241,0.3621
1.2783,0.0006,1.0712,1.4083,0.3621
1.5624,0.0007,1.0213,1.4188,0.3485
1.7274,0.0008,0.8308,1.6827,0.3509
2.0473,0.0008,0.8192,2.2187,0.3471
1.4660,0.0008,0.8222,1.3099,0.3471
1.9637,0.0009,0.7613,2.0166,0.3537
1.5870,0.0009,0.9580,1.6656,0.3801
1.3466,0.0006,0.9001,1.3772,0.3801
1.7519,0.0006,0.7546,1.6048,0.3548
1.6704,0.0006,0.8951,1.7671,0.3362
1.6177,0.0004,0.8074,1.4827,0.3511
1.0281,0.0005,1.0004,1.1969,0.3511
1.9239,0.0007,0.7012,1.8878,0.3396
1.3699,0.0006,0.7445,1.3532,0.3396
1.4213,0.0008,0.8089,1.4550,0.3605
1.7981,0.0006,0.8540,1.7473,0.3384
2.0079,0.0008,0.8423,1.9305,0.3608
1.6014,0.0006,0.9562,1.6493,0.3608
1.5259,0.0005,0.8550,1.5479,0.3907
1.2676,0.0004,0.7764,1.2102,0.3506
1.5885,0.0005,0.6838,1.5562,0.3466
1.6061,0.0004,0.6937,1.6777,0.3523
1.6332,0.0005,0.6939,1.5276,0.3674
1.8822,0.0007,0.8373,1.7635,0.3454
2.1639,0.0006,0.9466,2.3152,0.3363
2.0983,0.0006,0.9214,2.0575,0.3472
1.3790,0.0005,1.2853,1.4219,0.3472
1.5839,0.0004,0.9290,1.5374,0.3630
1.6290,0.0004,0.9218,1.6978,0.3429
1.5262,0.0003,0.7298,1.5343,0.3429
1.5362,0.0004,0.7059,1.5056,0.3519
1.9121,0.0006,0.7734,1.8826,0.3343
1.2116,0.0004,0.9738,1.0811,0.3343
1.6351,0.0004,0.9701,1.5638,0.3462
2.0229,0.0006,0.6958,2.1838,0.3349
1.8858,0.0007,0.9151,1.7478,0.3383
1.4670,0.0007,1.1489,1.5284,0.3707
1.6195,0.0004,0.9788,1.0484,0.3633
0.9077,0.0004,1.6105,1.3906,0.3633
1.4405,0.0004,0.8223,1.6483,0.3491
1.5375,0.0004,0.7747,1.3269,0.3711
1.6433,0.0003,0.7088,1.8411,0.3606
1.5139,0.0003,0.7039,1.5334,0.3606
1.6378,0.0007,0.6728,1.5334,0.3364
1.2087,0.0006,0.7938,1.3014,0.3516
1.6478,0.0006,0.6834,1.4104,0.3536
1.7136,0.0005,0.7945,1.8823,0.3623
2.2126,0.0007,0.9099,2.1563,0.3419
1.6160,0.0006,0.9714,1.4313,0.3502
1.3666,0.0005,1.0357,1.5886,0.3502
1.6290,0.0007,0.7601,1.4804,0.3444
1.5191,0.0006,0.7854,1.6764,0.3348
1.6783,0.0008,0.7875,1.3281,0.3517
1.4587,0.0004,0.9389,1.8116,0.3517
1.3634,0.0005,0.7411,1.1851,0.3482
1.6250,0.0005,0.7604,1.7854,0.3519
1.1905,0.0005,0.7832,1.1508,0.3651
1.6331,0.0007,0.7415,1.5269,0.3547
1.9328,0.0006,0.8165,1.8363,0.3461
2.0575,0.0005,1.0265,2.2438,0.3593
1.2703,0.0004,0.8353,1.2845,0.3541
1.1029,0.0004,0.8132,1.0803,0.3541
1.6275,0.0005,0.9019,1.4470,0.3644
1.4629,0.0006,0.8201,1.6091,0.3408
1.6637,0.0012,0.8691,1.6683,0.3442
2.2042,0.0007,0.9185,2.1528,0.3409
1.3648,0.0008,0.8772,1.4115,0.3409
1.7903,0.0006,0.8692,1.5837,0.3407
1.7818,0.0006,0.7840,1.9302,0.3553
1.6565,0.0007,0.9140,1.7069,0.3664
1.7062,0.0005,0.8421,1.6981,0.3442
1.6478,0.0006,0.7683,1.6691,0.3636
1.2563,0.0005,0.7857,0.9035,0.3636
1.4495,0.0004,0.8168,1.6574,0.3372
1.5248,0.0007,0.6860,1.5850,0.3616
1.4328,0.0007,0.8337,1.2152,0.3641
1.1151,0.0004,0.8950,1.3927,0.3641
1.3934,0.0004,0.7160,1.3851,0.3605
1.6009,0.0006,0.6212,1.2860,0.3423
2.1893,0.0009,0.9223,2.3507,0.3954
1.1464,0.0007,1.1111,1.1588,0.3954
1.4980,0.0005,0.9621,1.6107,0.3492
1.7472,0.0005,0.7071,1.7287,0.3426
1.7613,0.0005,0.6956,1.6846,0.3465
1.4589,0.0005,0.6965,1.4574,0.3316
2.0299,0.0005,0.7817,2.0655,0.3641
1.7935,0.0004,0.8661,1.8153,0.3408
1.4027,0.0005,0.7637,0.9521,0.3408
1.7148,0.0004,0.6777,1.9173,0.3415
1.8570,0.0006,0.9880,2.0518,0.3704
1.3975,0.0006,1.0361,1.4434,0.3668
1.2294,0.0005,0.7273,1.0900,0.3668
1.5598,0.0006,0.7513,1.6689,0.3508
1.6079,0.0005,0.7293,1.5996,0.3503
1.1026,0.0006,0.7370,1.1032,0.3503
1.6603,0.0004,0.9532,1.2067,0.3475
1.8418,0.0004,0.7623,2.2886,0.3522
1.7264,0.0006,0.7228,1.7385,0.3541
1.4591,0.0004,0.6296,1.4145,0.3541
1.7548,0.0006,0.6588,1.5944,0.3371
2.1756,0.0007,0.7354,2.2597,0.3496
1.2820,0.0006,0.9077,1.3235,0.3583
1.1787,0.0005,0.8156,1.2023,0.3583
1.1773,0.0004,0.6788,1.0026,0.3458
1.4347,0.0004,0.7818,1.5459,0.3458
1.6498,0.0004,0.7203,1.5766,0.3555
1.7239,0.0008,0.7406,1.8190,0.3459
1.3095,0.0004,0.7654,1.3103,0.3446
1.6404,0.0006,0.7455,1.3948,0.3478
1.8138,0.0006,0.7870,2.0363,0.3527
1.5559,0.0007,0.7038,1.2489,0.3512
2.3155,0.0007,0.9072,2.5644,0.3822
1.2659,0.0006,0.9288,1.3230,0.3624
1.8140,0.0009,0.8059,1.7269,0.3482
1.2623,0.0006,0.8197,1.1497,0.3482
1.6887,0.0007,1.1833,1.6806,0.3537
2.1958,0.0005,0.7803,2.3004,0.3440
1.3766,0.0008,0.8267,1.4106,0.3572
1.1467,0.0005,0.8179,1.2003,0.3572
1.6904,0.0006,0.6938,1.6522,0.3512
1.6045,0.0006,0.7034,1.5108,0.3468
1.6176,0.0008,0.8614,1.6154,0.3647
1.6970,0.0005,1.0200,1.5544,0.3921
1.7424,0.0006,1.0519,1.7069,0.3370
1.4873,0.0005,0.8250,1.5889,0.3472
1.5390,0.0005,0.8274,1.6320,0.3449
1.3710,0.0007,0.8070,1.4197,0.3449
1.6476,0.0004,0.7407,1.6339,0.3343
1.1855,0.0006,0.7102,1.1451,0.3343
1.4812,0.0004,0.7092,1.4014,0.3476
1.5584,0.0005,0.6740,1.5641,0.3496
1.6893,0.0007,0.7967,1.5738,0.3503
1.9604,0.0007,0.8422,2.1118,0.3559
1.3807,0.0010,0.8819,1.3994,0.3667
1.6408,0.0006,1.0387,1.5235,0.3603
1.0539,0.0004,0.8557,1.1575,0.3603
1.8579,0.0005,0.7532,1.8594,0.3614
1.3455,0.0005,0.7685,1.3527,0.3614
1.6161,0.0005,0.7774,1.6075,0.3538
1.4109,0.0006,0.7319,1.4142,0.3394
1.9136,0.0004,0.7413,1.7502,0.3724
1.5159,0.0007,1.0491,1.2233,0.3724
1.7154,0.0006,1.0228,1.9948,0.3398
1.7625,0.0006,0.9023,1.8601,0.3418
1.8304,0.0005,0.8882,1.8784,0.3678
1.9899,0.0005,0.7829,1.9371,0.3614
1.2723,0.0005,0.8118,1.3107,0.3606
1.1614,0.0005,0.7750,1.1672,0.3487
1.6669,0.0007,0.7355,1.3779,0.3487
1.6338,0.0004,0.7644,1.7059,0.3530
1.9990,0.0006,0.7932,1.9967,0.3438
1.2709,0.0006,1.0793,0.7880,0.3490
1.2743,0.0008,1.1611,1.7436,0.3490
1.8800,0.0009,0.8021,1.7873,0.3492
1.6384,0.0008,0.9230,1.6744,0.3461
1.8664,0.0007,0.7976,1.6592,0.3463
1.8616,0.0007,0.8282,2.2136,0.3334
1.1475,0.0005,1.0144,1.1613,0.3334
1.9175,0.0005,0.8435,1.8915,0.3600
1.2624,0.0005,0.7169,1.1141,0.3600
2.0781,0.0005,0.7516,2.2352,0.3553
1.4162,0.0007,0.8201,0.9286,0.3465
2.3776,0.0011,0.8542,2.3905,0.3706
1.6769,0.0005,1.7085,2.0590,0.3709
1.1315,0.0004,0.9888,0.9873,0.3709
1.9665,0.0006,0.7809,1.6535,0.3721
1.5215,0.0006,0.7825,1.7365,0.3451
1.2501,0.0006,0.8242,1.4663,0.3427
2.0168,0.0006,0.7817,2.0496,0.3347
1.4345,0.0011,0.7348,1.3522,0.3360
1.4393,0.0005,0.8779,1.5275,0.3360
1.9470,0.0005,0.7363,1.8953,0.3504
1.5184,0.0007,0.8283,1.5288,0.3632
1.9986,0.0011,0.9111,1.9638,0.3701
1.5117,0.0006,0.8364,1.5380,0.3701
1.6159,0.0005,0.7628,1.3274,0.3467
1.6490,0.0006,0.6938,1.8451,0.3377
1.7164,0.0008,0.7329,1.8093,0.3660
1.8316,0.0008,0.7685,1.8170,0.3495
1.5762,0.0005,0.7835,1.5725,0.3595
1.4806,0.0005,0.7588,1.4824,0.3350
1.2517,0.0007,0.7174,1.2668,0.3350
1.7677,0.0007,0.7083,1.4613,0.3547
2.3849,0.0008,0.8634,2.5695,0.3694
0.9276,0.0006,1.0419,0.8533,0.3694
1.7983,0.0005,0.8172,1.5787,0.3540
1.6874,0.0007,0.7819,2.0329,0.3351
1.2241,0.0010,0.9148,1.0283,0.3460
1.8143,0.0005,0.7508,1.7749,0.3545
1.7077,0.0006,0.6997,1.6769,0.3489
2.1710,0.0008,0.6865,2.3791,0.3613
1.4862,0.0006,0.7707,1.5257,0.3496
1.0888,0.0006,0.7488,1.1113,0.3496
2.2382,0.0008,0.7534,2.1339,0.5179
1.5083,0.0007,0.7875,1.5472,0.3564
1.3813,0.0006,0.8151,1.0034,0.3564
1.8482,0.0006,0.7657,1.7198,0.3389
1.6157,0.0007,0.7914,1.9032,0.3462
1.3086,0.0005,0.8183,1.4168,0.3397
1.3790,0.0003,0.8097,1.4009,0.3557
1.5215,0.0004,0.8538,1.4861,0.3574
1.8237,0.0008,0.8725,1.8488,0.3309
1.1355,0.0006,0.8896,1.0567,0.3309
2.0472,0.0009,0.7866,2.0701,0.3583
1.6224,0.0005,0.9552,1.6662,0.3556
1.2548,0.0005,0.9736,1.2871,0.3556
1.9054,0.0005,0.7560,1.8956,0.3487
2.0581,0.0007,0.7537,2.0218,0.3449
1.7161,0.0006,0.9647,1.6898,0.3626
1.2196,0.0010,0.7877,1.2586,0.3626
1.7862,0.0007,0.8762,1.7495,0.3478
1.9146,0.0012,0.7607,1.8634,0.3486
1.4259,0.0005,0.7697,1.4340,0.3494
1.3505,0.0005,0.8616,1.3236,0.3494
2.3697,0.0005,0.9316,2.3289,0.3794
1.5128,0.0004,0.8378,1.5398,0.3445
1.7771,0.0004,0.8061,1.7964,0.3471
1.5515,0.0006,0.7831,1.5561,0.3471
1.6067,0.0006,0.7608,1.5801,0.3437
1.3616,0.0006,0.7888,1.0532,0.3437
1.8963,0.0006,0.8348,2.2198,0.3418
1.6262,0.0005,0.7797,1.6095,0.3562
1.7150,0.0005,0.7025,1.6999,0.3562
1.7313,0.0007,0.6999,1.6513,0.3465
1.8683,0.0005,0.8404,1.6214,0.3856
2.2089,0.0007,0.8418,2.4920,0.3468
1.3568,0.0005,0.8016,1.3906,0.3483
1.5719,0.0005,0.7417,1.5504,0.3483
1.8266,0.0005,0.7503,1.6383,0.3337
1.7016,0.0007,0.8291,1.6376,0.3642
1.9949,0.0007,0.7903,2.1294,0.3341
1.3648,0.0007,0.8326,1.1263,0.3341
2.5009,0.0014,0.7395,2.7028,0.3533
1.4773,0.0006,0.9477,1.4546,0.3605
1.5880,0.0005,1.0174,1.7365,0.3548
1.8164,0.0005,0.7685,1.7839,0.3528
1.3510,0.0007,0.7232,1.3600,0.3598
1.2033,0.0004,0.7100,1.2016,0.3301
1.7542,0.0005,0.7633,1.3171,0.3301
1.7063,0.0004,0.7675,1.8270,0.3429
2.0582,0.0006,0.7435,2.3388,0.3372
1.1617,0.0004,0.7963,0.9574,0.3372
1.5677,0.0008,0.7537,1.6370,0.3445
1.8174,0.0006,1.2004,1.8692,0.5437
1.4277,0.0007,1.1945,1.1567,0.5437
2.0032,0.0007,0.7978,2.2507,0.3487
1.5389,0.0007,0.8254,1.4715,0.3613
1.4929,0.0006,1.0185,1.4414,0.3423
1.9006,0.0006,0.9754,2.0377,0.3454
1.2443,0.0005,0.8663,1.2758,0.3454
1.9176,0.0005,0.7787,1.8715,0.3502
1.1439,0.0005,0.7778,0.9094,0.3502
1.9659,0.0007,0.7401,1.6363,0.3493
2.2400,0.0006,0.8000,2.7627,0.3473
1.7352,0.0006,0.9162,1.7522,0.3785
1.4445,0.0006,0.8538,1.4275,0.3869
1.6995,0.0010,0.9558,1.6588,0.3594
1.5614,0.0007,0.8406,1.5947,0.3445
1.5798,0.0005,0.7836,1.3135,0.3445
1.7548,0.0005,0.7563,1.7273,0.3443
1.5890,0.0005,0.7635,1.6829,0.3381
1.8810,0.0007,0.8510,2.0517,0.3427
1.4593,0.0005,0.9441,1.3777,0.3427
1.8025,0.0006,0.8768,1.7994,0.3453
2.2399,0.0007,0.9723,2.2118,0.3458
1.6128,0.0007,1.0073,1.6844,0.3562
1.9884,0.0007,0.9006,1.8906,0.3539
1.8943,0.0006,0.9079,1.8823,0.3423
1.4095,0.0005,0.9406,1.3098,0.3423
2.0685,0.0005,0.8226,2.2167,0.3396
1.8413,0.0005,0.8248,1.8920,0.3522
1.6359,0.0005,0.7673,1.6201,0.3522
2.1069,0.0009,0.7539,2.0319,0.3934
1.5060,0.0006,0.9273,1.5660,0.3440
1.5424,0.0004,0.9251,1.5581,0.3562
1.3345,0.0006,0.9620,1.0842,0.3562
1.7761,0.0005,0.7022,2.0237,0.3284
1.5047,0.0004,0.6908,1.4063,0.3284
2.0677,0.0005,0.6675,2.1410,0.3656
1.0447,0.0005,0.7295,0.8930,0.3656
2.0810,0.0005,0.8384,2.1954,0.3427
0.8864,0.0005,0.7592,0.9150,0.3427
2.5263,0.0011,0.7017,2.3907,0.3601
1.0287,0.0004,1.0167,1.1380,0.3601
1.8004,0.0005,0.8824,1.6555,0.3669
1.8081,0.0005,0.8415,1.9092,0.3527
1.1375,0.0006,0.8445,1.1598,0.3527
1.5486,0.0005,0.7672,1.5357,0.3629
2.0853,0.0007,0.7153,2.0290,0.3311
1.9512,0.0006,0.7007,2.0129,0.3425
1.3761,0.0004,0.6740,1.3967,0.3425
2.1751,0.0005,0.6539,2.0203,0.3379
1.0713,0.0005,0.8766,1.1738,0.3379
2.1213,0.0006,0.8885,2.0674,0.3713
1.5082,0.0172,0.8830,1.3718,0.3713
1.5934,0.0006,1.0316,1.7526,0.3464
1.6070,0.0005,0.7268,1.6121,0.3547
1.7155,0.0005,0.6220,1.6725,0.3547
1.8514,0.0006,0.6996,1.8425,0.3405
1.2806,0.0006,0.7130,1.3050,0.3405
1.8592,0.0006,0.6636,1.7340,0.3385
1.9490,0.0006,0.6628,1.9922,0.3414
1.5499,0.0006,0.7920,1.5479,0.3612
1.7541,0.0005,0.9601,1.6522,0.3983
1.8072,0.0004,0.8525,1.8447,0.3546
1.4294,0.0005,0.8390,1.2568,0.3426
1.7751,0.0004,0.7165,1.9518,0.3558
2.1859,0.0006,0.7037,2.2177,0.3394
1.5331,0.0005,0.7536,1.3892,0.3460
1.7087,0.0007,0.7190,1.5432,0.3421
1.6679,0.0006,0.7550,1.6852,0.3410
2.0677,0.0006,0.8622,1.9432,0.3517
1.8022,0.0008,0.9523,2.1699,0.3969
1.2100,0.0005,0.9870,1.2533,0.3969
1.1866,0.0003,0.7616,1.0803,0.3505
1.3723,0.0005,0.6955,1.4291,0.3578
1.2023,0.0004,0.7170,1.2273,0.3360
1.8073,0.0005,0.6967,1.4327,0.3505
1.1181,0.0003,0.8666,1.4708,0.3505
1.2450,0.0004,0.7723,1.2814,0.3527
1.6479,0.0004,0.6886,1.6172,0.3490
1.1606,0.0005,0.6916,1.0709,0.3611
1.5545,0.0003,0.9177,1.6298,0.3470
1.3934,0.0004,0.7845,1.3094,0.3470
1.8721,0.0004,0.8228,1.8942,0.3524
1.5131,0.0005,0.8280,1.4118,0.3524
1.5415,0.0004,0.7750,1.6958,0.3500
1.4622,0.0005,0.7101,1.3281,0.3579
1.6381,0.0006,0.7587,1.6045,0.3516
1.3645,0.0005,0.8984,1.4708,0.3699
1.5494,0.0006,0.8074,1.5443,0.3441
1.5629,0.0006,0.7905,1.4154,0.3488
1.7182,0.0007,0.8696,1.7206,0.3663
1.7256,0.0008,0.9149,1.7723,0.3332
2.3316,0.0008,1.3142,1.9446,0.3612
1.8325,0.0008,1.1368,2.1697,0.3687
1.5488,0.0006,1.0817,1.6570,0.3543
1.4203,0.0008,1.0299,1.3997,0.3632
1.4692,0.0006,0.8651,1.2428,0.3581
1.9385,0.0010,0.8072,2.1414,0.3406
1.4150,0.0006,0.8166,1.2703,0.3406
1.8720,0.0007,1.1696,2.0203,0.3522
1.3535,0.0005,0.8613,1.4154,0.3501
1.6700,0.0008,0.7355,1.3656,0.3399
2.3099,0.0007,0.8053,2.4932,0.3704
1.4777,0.0006,0.9609,1.4691,0.3546
1.1585,0.0005,0.8910,1.0029,0.3546
1.7092,0.0006,0.7084,1.8922,0.3504
2.0177,0.0006,0.7185,1.9942,0.3493
1.1698,0.0005,0.7434,0.9412,0.3493
2.0221,0.0005,0.7963,2.1374,0.3450
1.5076,0.0005,0.8888,1.4741,0.3431
1.2578,0.0004,1.0023,1.1988,0.3431
2.0049,0.0006,0.8545,1.9906,0.3606
1.2656,0.0005,0.8040,1.2230,0.3619
1.6562,0.0005,0.7634,1.6691,0.3714
1.8479,0.0006,0.7202,2.0479,0.3447
1.6629,0.0004,0.7028,1.6655,0.3517
1.2198,0.0006,0.7280,1.2241,0.3517
1.9344,0.0007,0.6731,1.8513,0.3505
1.5319,0.0005,0.7622,1.4062,0.3564
1.7546,0.0004,0.9072,1.9218,0.3539
1.7671,0.0007,0.7155,1.6994,0.3483
1.7557,0.0006,0.7901,1.8273,0.3477
2.0483,0.0007,0.7776,1.9597,0.3810
1.3509,0.0006,0.9055,1.3708,0.3369
1.1760,0.0004,0.7917,1.1191,0.3369
1.2617,0.0005,0.7277,1.3663,0.3588
1.2912,0.0005,0.8414,1.1693,0.3496
1.2709,0.0004,0.8122,1.3986,0.3458
1.5278,0.0004,0.6393,1.4994,0.3458
1.2790,0.0004,0.6740,1.1230,0.3429
1.4359,0.0004,0.6876,1.4992,0.3335
1.7184,0.0005,0.7774,1.5754,0.3548
2.0071,0.0005,0.6428,2.2223,0.3458
1.3702,0.0005,0.6620,1.0813,0.3458
1.4342,0.0004,0.7839,1.6011,0.8864
1.6836,0.0004,0.6924,1.4891,0.3967
1.9366,0.0004,0.6622,2.2114,0.3536
0.9705,0.0004,0.6571,0.9808,0.3536
1.3441,0.0003,0.6530,1.0727,0.3483
1.2886,0.0004,0.6136,1.4250,0.3456
1.2912,0.0004,0.6373,1.2060,0.3535
1.4622,0.0004,0.7341,1.6643,0.3543
1.1521,0.0004,0.5827,1.1629,0.3514
1.3163,0.0004,0.5649,1.1294,0.3688
1.9490,0.0004,0.5948,1.9747,0.3776
1.1466,0.0004,0.7921,1.2568,0.3644
1.4512,0.0005,0.7461,1.4557,0.3875
1.3984,0.0003,0.6978,1.0659,0.3875
1.7508,0.0004,0.6681,1.9601,0.3346
1.0608,0.0008,0.7752,0.9428,0.3560
1.5688,0.0005,0.8230,1.7931,0.3560
1.2509,0.0005,0.7627,1.1045,0.3654
1.3864,0.0004,1.1114,1.3682,0.3654
1.6259,0.0004,0.6434,1.7062,0.3395
1.5471,0.0005,0.6570,1.4317,0.3595
1.4874,0.0005,0.9022,1.6545,0.3435
1.3686,0.0006,0.8549,0.8359,0.3536
1.1761,0.0005,1.0739,1.6821,0.3536
1.5164,0.0006,0.7922,1.2927,0.3747
1.4011,0.0005,0.7229,1.6433,0.3385
1.1925,0.0007,0.6694,1.0414,0.3453
1.3927,0.0005,0.8802,1.4494,0.3619
1.3011,0.0005,0.7050,1.3459,0.3770
1.4165,0.0004,0.6373,1.2437,0.3473
1.4888,0.0004,0.6597,1.5832,0.3552
1.2460,0.0004,0.7643,1.1131,0.3552
1.4256,0.0005,0.6755,1.5893,0.3423
1.7596,0.0006,0.7151,1.8155,0.3554
1.1366,0.0005,0.7103,0.9965,0.3554
1.7397,0.0004,0.7537,1.7184,0.3704
1.4301,0.0004,0.7794,1.4304,0.3786
1.6247,0.0006,0.7185,1.5754,0.3736
1.6723,0.0005,0.8371,1.8519,0.3650
0.9603,0.0005,0.6989,0.8744,0.3650
1.7207,0.0004,0.6630,1.8142,0.3576
1.2358,0.0007,0.6023,1.2486,0.3557
0.9808,0.0004,0.6026,0.7655,0.3449
0.9702,0.0003,0.7323,1.1816,0.3449
1.0877,0.0003,0.5576,1.0181,0.3513
1.4729,0.0003,0.6054,1.3849,0.3425
1.1580,0.0004,0.6185,1.2992,0.3413
2.2939,0.0007,0.6107,1.9488,0.3721
1.0428,0.0009,1.2163,0.9943,0.3875
1.4097,0.0007,0.8707,1.5336,0.3875
1.5978,0.0005,0.8023,1.7738,0.3708
1.4882,0.0005,0.8170,1.5165,0.3517
1.0710,0.0005,0.7384,0.9901,0.3517
1.5074,0.0007,0.8332,1.3116,0.3481
1.5480,0.0005,0.9143,1.8280,0.3612
1.2180,0.0007,0.7007,1.1881,0.3612
1.4047,0.0005,0.6309,1.4033,0.3458
1.3870,0.0004,0.6689,1.2773,0.3584
1.4834,0.0005,0.6805,1.5374,0.3526
1.8228,0.0007,0.7362,1.3354,1.0175
1.8750,0.0005,0.9424,2.3657,0.3586
0.9832,0.0004,0.8132,0.8943,0.3572
1.4563,0.0005,0.8114,1.5835,0.3415
1.1229,0.0004,0.6370,0.8984,0.3415
1.6713,0.0006,0.6326,1.8650,0.3659
1.1747,0.0006,0.6380,1.1821,0.3659
1.4374,0.0004,0.6758,1.4120,0.3685
1.0913,0.0004,0.7060,1.0757,0.3685
1.2759,0.0003,0.6417,1.1483,0.3651
2.0123,0.0003,0.6570,2.1198,0.3428
1.3148,0.0007,0.7793,1.2589,0.3428
1.3926,0.0005,0.8680,1.2567,0.3977
1.5026,0.0005,0.7974,1.4438,0.3937
1.7513,0.0004,0.6936,2.0184,0.3453
1.3208,0.0004,0.6542,1.2135,0.3353
1.2135,0.0004,0.8200,1.3150,0.3488
1.4137,0.0005,0.6140,1.3067,0.3436
1.1055,0.0004,0.6827,1.2116,0.3575
1.2593,0.0006,0.6137,1.0841,0.3602
1.4277,0.0003,0.5959,1.2291,0.3625
1.4539,0.0004,0.6424,1.7575,0.3478
1.2316,0.0004,0.6174,1.2771,0.3437
1.9412,0.0008,0.6555,1.8268,0.3549
1.3951,0.0004,0.8759,1.3111,0.3616
1.4776,0.0004,0.7311,1.6137,0.3744
1.2487,0.0004,0.6563,1.2781,0.3621
1.1271,0.0005,0.6273,1.0925,0.3486
1.2900,0.0005,0.6665,1.3201,0.3507
1.8096,0.0005,0.6184,1.7348,0.3389
1.1397,0.0005,0.6830,1.2177,0.3483
1.3281,0.0005,0.6701,1.1367,0.3483
1.6220,0.0007,0.6384,1.7839,0.3520
1.4464,0.0005,0.6620,1.4109,0.3685
1.8024,0.0004,0.7344,1.7808,0.3647
1.0693,0.0006,0.7597,1.0922,0.3647
1.8481,0.0005,0.8399,1.8358,0.3610
1.2712,0.0004,0.7527,0.9133,0.3610
1.5969,0.0005,0.6860,1.8073,0.3617
1.1915,0.0006,0.7413,1.3516,0.3466
1.3540,0.0003,0.9649,1.1763,0.3712
1.5583,0.0004,0.6390,1.6467,0.3335
1.5389,0.0005,0.6415,1.4125,0.3418
1.5424,0.0006,0.6805,1.5938,0.3408
1.4635,0.0005,0.8912,1.5323,0.3408
1.3305,0.0005,0.7937,1.3910,0.3506
1.7048,0.0005,0.6969,1.6049,0.3450
1.7054,0.0005,1.2947,1.1062,0.4013
1.1017,0.0005,1.2757,1.5253,0.3666
1.3863,0.0005,1.0246,1.5950,0.3666
1.5826,0.0004,0.6244,1.2653,0.3430
1.5415,0.0004,0.6543,1.7335,0.3650
1.5341,0.0004,0.6086,1.6632,0.3609
1.6547,0.0004,0.5862,1.6552,0.3503
1.6038,0.0005,0.5843,1.5389,0.3503
1.4591,0.0005,0.6727,1.2984,0.3364
1.7656,0.0005,0.7444,1.9467,0.3345
1.5413,0.0007,0.6576,0.9943,0.3999
1.4299,0.0005,1.5792,1.9477,0.3999
1.7271,0.0005,0.7760,1.7345,0.3344
1.0506,0.0004,0.6515,0.9781,0.3344
1.2216,0.0005,0.6542,1.2491,0.3475
1.6174,0.0004,0.6382,1.6623,0.3569
1.2577,0.0005,0.6253,1.1180,0.3569
1.2388,0.0003,0.7735,1.2620,0.3632
1.5128,0.0003,0.6527,1.4769,0.3566
1.3679,0.0004,0.7761,1.3121,0.3437
1.4058,0.0003,0.7114,1.5705,0.3656
1.5860,0.0004,0.7351,1.5848,0.3521
1.7275,0.0005,0.7397,1.1195,0.3569
1.5724,0.0003,1.0302,2.1648,0.3633
1.5883,0.0004,0.8060,1.2653,0.3472
1.3071,0.0003,0.7090,1.6502,0.3516
1.1682,0.0005,0.7773,1.1642,0.3570
1.3930,0.0004,0.6756,1.1963,0.3329
1.8122,0.0004,0.6573,1.7228,0.3410
1.8325,0.0005,0.6712,2.0983,0.3523
1.3136,0.0003,0.6998,1.3198,0.3523
1.4099,0.0004,0.6370,1.3515,0.3309
1.5297,0.0006,0.6355,1.5464,0.3389
1.6736,0.0005,0.7116,1.6301,0.3638
1.5358,0.0005,0.7889,1.5866,0.3439
1.2003,0.0004,0.7367,1.0819,0.3660
1.3025,0.0003,0.8337,1.1535,0.3660
1.4002,0.0003,0.7239,1.6738,0.3449
1.4138,0.0004,0.6183,1.1496,0.3409
1.3439,0.0003,0.6204,1.6048,0.3438
1.3775,0.0003,0.6201,1.4038,0.3511
1.5776,0.0004,0.5944,1.1028,0.3482
1.5023,0.0004,0.6550,1.5701,0.3387
1.3763,0.0004,0.5844,1.7459,0.3574
1.6086,0.0006,0.5748,1.5409,0.3558
1.1144,0.0006,0.6656,1.0020,0.3711
1.7824,0.0004,0.7072,1.5942,0.3532
1.8227,0.0005,0.6823,2.0583,0.3478
1.6084,0.0004,0.7633,1.6823,0.3479
1.3392,0.0004,0.6276,1.3561,0.3479
1.9991,0.0009,0.6235,1.9482,0.3524
1.1383,0.0006,0.7499,0.9175,0.3524
1.6132,0.0004,0.6629,1.7100,0.3490
1.2080,0.0004,0.7745,1.3234,0.3490
1.3759,0.0004,0.6662,1.3686,0.3541
1.3347,0.0006,0.6886,0.9230,0.3541
1.9145,0.0005,0.8097,2.0113,0.3523
1.5064,0.0004,0.8547,1.6596,0.3550
1.2132,0.0005,0.8355,1.2051,0.3691
1.1991,0.0006,0.8097,1.3604,0.3691
1.3603,0.0005,0.6125,1.1899,0.3543
1.4174,0.0005,0.8322,1.5504,0.3519
1.1842,0.0005,0.7272,1.2016,0.3517
1.3954,0.0005,0.6727,1.3301,0.3398
1.2481,0.0004,0.7256,1.3076,0.3548
0.9433,0.0004,0.7547,0.8074,0.3548
1.4280,0.0003,0.8019,1.5275,0.3470
1.3304,0.0004,0.6163,1.2587,0.3477
2.1574,0.0010,0.6890,1.9595,0.3772
0.9482,0.0007,1.0667,1.2217,0.3772
1.3104,0.0003,0.7617,1.2529,0.3661
1.4061,0.0004,0.6520,1.4864,0.3430
1.2840,0.0004,0.6274,1.0136,0.3439
1.0504,0.0004,0.8071,1.3031,0.3439
1.3749,0.0004,0.6436,1.1907,0.3519
1.3262,0.0003,0.6666,1.3564,0.3422
1.2463,0.0004,0.6050,1.3866,0.3655
1.2255,0.0006,0.5863,1.0677,0.3361
1.2808,0.0005,0.5889,1.4209,0.3346
1.2469,0.0004,0.5898,1.2181,0.3502
1.3138,0.0006,0.6052,1.2062,0.3510
1.4695,0.0005,0.6950,1.5972,0.3627
1.1763,0.0004,0.6660,1.1264,0.3747
1.3009,0.0006,0.6470,1.2675,0.3688
1.2239,0.0004,0.7290,1.1715,0.3517
1.6490,0.0005,0.7698,1.4884,0.3413
1.4837,0.0003,0.6690,1.5286,0.3440
1.3795,0.0005,0.7799,1.5715,0.3548
1.4877,0.0005,0.8423,1.5051,0.3539
1.1469,0.0004,0.6254,0.9661,0.3425
1.2986,0.0004,0.7970,1.1483,0.3425
1.3374,0.0003,0.6499,1.5699,0.3417
2.1274,0.0006,0.6533,2.1322,0.3401
1.3584,0.0005,0.7752,1.1048,0.3401
1.1112,0.0004,0.8046,1.4223,0.3785
1.2961,0.0004,0.6666,1.2423,0.3523
1.2906,0.0004,0.6707,1.2533,0.3630
1.3235,0.0004,0.6582,1.3836,0.3510
1.8967,0.0004,0.6628,1.7404,0.3554
1.5294,0.0004,0.7169,1.6819,0.3339
1.6307,0.0005,0.7390,1.4858,0.3566
1.2375,0.0004,0.8129,1.3780,0.3283
1.3278,0.0004,0.6709,1.2971,0.3458
0.7959,0.0005,0.6840,0.8421,0.3458
1.7804,0.0005,0.6284,1.6036,0.3439
1.5766,0.0007,0.8454,1.3314,0.3439
1.3662,0.0005,0.9103,1.7174,0.3586
2.1023,0.0005,0.7060,2.0906,0.3462
1.2998,0.0005,0.7207,1.1735,0.3462
1.5659,0.0005,0.7356,1.4730,0.3566
1.3706,0.0004,0.7885,1.2699,0.3566
1.7751,0.0004,0.6049,2.1328,0.3534
1.3311,0.0005,0.6170,1.1726,0.3534
2.0841,0.0005,0.6114,2.2168,0.3553
1.1418,0.0004,0.5992,0.9156,0.3512
1.2510,0.0005,0.8656,1.4247,0.3512
1.8730,0.0006,0.7900,1.8300,0.3969
1.4190,0.0004,0.8380,1.2203,0.5883
1.5291,0.0005,0.7512,1.5978,0.3676
1.1207,0.0004,0.8983,1.0981,0.3676
1.5219,0.0005,0.6713,1.7157,0.3563
1.4341,0.0004,0.6143,1.1421,0.3544
1.4529,0.0004,0.6305,1.7182,0.3506
1.2489,0.0005,0.6634,1.0662,0.3506
1.2189,0.0005,0.6757,1.4422,0.3555
1.4042,0.0005,0.6073,1.3768,0.3420
1.0651,0.0005,0.6398,1.0682,0.3466
2.3609,0.0006,0.6605,1.9825,0.3957
1.2631,0.0006,1.2654,0.8355,0.3738
0.9721,0.0008,1.0613,1.4670,0.3738
1.4962,0.0004,0.6643,1.6357,0.3591
1.6720,0.0005,0.5951,1.6496,0.3345
1.1106,0.0004,0.6724,1.1150,0.3345
1.4595,0.0003,0.6253,1.3033,0.3557
1.7135,0.0003,0.6702,1.5387,0.3443
1.5881,0.0004,0.7942,1.7130,0.3339
1.4203,0.0003,0.6937,1.6087,0.3543
1.2145,0.0004,0.6655,1.0616,0.3543
1.7783,0.0005,0.8460,1.6901,0.3529
1.6125,0.0006,1.1019,1.5470,0.8581
1.6172,0.0004,0.9494,1.6254,0.3391
1.2597,0.0004,0.7212,1.5363,0.3417
1.9818,0.0005,0.7295,1.9370,0.3660
1.0764,0.0005,0.7156,1.1126,0.3660
1.5964,0.0004,0.6931,1.5753,0.3473
1.5412,0.0004,0.6235,1.2803,0.3351
1.4750,0.0005,0.6100,1.6075,0.3480
1.4477,0.0004,0.6621,1.5890,0.3427
1.2668,0.0004,0.5767,1.0973,0.3393
1.7660,0.0005,0.6379,1.8261,0.3455
1.3999,0.0003,0.7952,1.4300,0.3515
1.4785,0.0004,0.8257,1.3063,0.3800
1.3824,0.0004,0.7454,1.4029,0.3484
1.7453,0.0004,0.6733,1.8867,0.3615
1.3004,0.0004,0.6738,1.3252,0.3615
1.8132,0.0005,0.6263,1.7976,0.3380
1.2914,0.0005,0.6506,1.1097,0.3380
1.7029,0.0005,0.6486,1.8717,0.3518
1.1013,0.0004,0.6703,0.9674,0.3518
1.6563,0.0005,0.7051,1.5932,0.3449
1.6899,0.0005,0.6674,1.8443,0.3540
1.6987,0.0004,0.7664,1.7054,0.3739
1.5436,0.0004,0.7639,1.5939,0.3739
1.3075,0.0005,0.6140,1.1447,0.3587
1.4381,0.0004,0.6464,1.2768,0.3542
1.6214,0.0003,0.8174,1.9005,0.3542
1.0424,0.0004,0.6344,1.0641,0.3655
1.8378,0.0004,0.6215,1.8184,0.3587
1.3898,0.0005,0.6126,1.2340,0.3627
1.1698,0.0004,0.7954,1.2648,0.3627
1.6897,0.0005,0.7393,1.7429,0.3455
1.8193,0.0006,0.6203,1.7074,0.3543
1.6651,0.0004,0.8332,1.5462,0.3837
1.3871,0.0004,1.0180,1.5828,0.3524
1.2774,0.0005,0.7190,1.2023,0.3418
1.3424,0.0004,0.7210,1.3409,0.3418
2.0492,0.0004,0.6568,2.1094,0.3504
1.4767,0.0004,0.6138,1.4690,0.3504
1.2014,0.0003,0.6688,1.2032,0.3453
1.2801,0.0004,0.7917,1.2619,0.3648
1.2412,0.0004,0.6214,1.1956,0.3648
1.4328,0.0005,0.6819,1.2462,0.3502
1.4616,0.0005,0.7368,1.6678,0.3533
1.5952,0.0005,0.6336,1.5478,0.5242
1.2298,0.0005,0.7998,1.0965,0.5242
1.4256,0.0004,0.7730,1.4171,0.3795
1.2025,0.0006,0.8479,1.3816,0.3638
1.7085,0.0004,0.6302,1.7050,0.3522
1.5730,0.0005,0.6377,1.3989,0.3415
1.5079,0.0004,0.6983,1.6775,0.3398
1.3588,0.0006,0.6243,1.3138,0.3549
1.6458,0.0007,0.6547,1.4029,0.3669
1.4581,0.0005,1.0456,1.5602,0.3669
1.3201,0.0004,0.9599,1.3589,0.3455
1.4326,0.0007,0.6911,1.5319,0.3485
2.0997,0.0007,0.7585,2.0479,0.3885
0.8337,0.0005,0.8430,0.7877,0.3885
1.3618,0.0005,0.7647,1.2690,0.3501
1.3218,0.0005,0.8414,1.5290,0.3417
1.6861,0.0004,0.6038,1.6425,0.3670
1.5311,0.0006,0.6936,1.3008,0.3495
1.6521,0.0006,0.7995,1.8586,0.3564
1.2509,0.0005,0.7237,1.0973,0.3564
1.4199,0.0005,0.7116,1.4526,0.3360
1.2394,0.0004,0.7826,1.3828,0.3360
1.4063,0.0008,0.6353,1.2673,0.3501
1.2061,0.0005,0.7347,1.1652,0.3703
1.6190,0.0006,0.8566,1.6179,0.3796
0.9490,0.0005,0.8592,0.9265,0.3796
1.4737,0.0005,0.6594,1.4462,0.3661
1.3186,0.0005,0.6637,1.5156,0.3567
1.3653,0.0006,0.6281,1.1194,0.3514
1.2092,0.0003,0.8123,1.4149,0.3556
1.2980,0.0005,0.7555,1.1197,0.3556
1.2425,0.0004,0.7607,1.4146,0.3570
1.3464,0.0005,0.6483,1.1745,0.3478
1.3543,0.0004,0.6759,1.5460,0.3496
1.5005,0.0003,0.8185,1.5081,0.3678
1.6050,0.0005,0.6225,1.0876,0.3436
1.6450,0.0007,0.7970,2.1066,0.3427
1.3750,0.0005,0.9138,1.2698,0.3682
0.9444,0.0004,0.8967,1.0366,0.3503
1.4608,0.0005,0.6632,1.3682,0.3556
1.1677,0.0004,0.7451,1.0722,0.3556
1.5073,0.0007,0.6044,1.7145,0.3529
1.7314,0.0006,0.6943,1.7223,0.3539
2.0587,0.0004,0.7042,2.0488,0.3706
0.8981,0.0004,0.6782,0.8008,0.3706
1.2456,0.0003,0.6120,1.3573,0.3476
1.3653,0.0003,0.5697,1.1785,0.3575
2.3833,0.0006,0.6056,2.4606,0.3763
1.5044,0.0004,0.8316,1.5589,0.3898
1.2539,0.0005,0.7828,1.2899,0.3425
1.1009,0.0004,0.7543,0.9105,0.3425
1.5358,0.0007,0.8381,1.4913,0.3597
1.0377,0.0008,1.0350,1.2438,0.3597
1.8818,0.0004,0.6579,1.8763,0.3391
1.3176,0.0006,0.6175,1.1863,0.3457
1.0280,0.0004,0.7677,0.9682,0.3457
1.7230,0.0004,0.6798,1.8601,0.3514
1.2401,0.0005,0.6761,1.2688,0.3471
